  0, 0.967,    47, 0.940,    54,   0.953,    61,  0.960,    76,  0.960,    90, 0.0200,   2, 1.0100, 0.5000, 1.0200, 
  1, 0.947,    65, 0.947,    68,   0.947,    63,  0.947,   180,  0.973,    89, 0.0196,   2, 1.0100, 0.5000, 1.0333, 
  2, 0.980,    38, 0.980,    45,   0.987,    66,  0.947,    67,  0.973,    82, 0.0200,   2, 1.0100, 0.5000, 1.0466, 
  3, 0.960,    99, 0.967,    65,   0.947,    43,  0.953,    60,  0.953,    46, 0.0200,   2, 1.0100, 0.5000, 1.0600, 
  4, 0.927,    79, 0.973,    45,   0.947,    63,  0.947,   125,  0.947,    48, 0.0200,   2, 1.0100, 0.6300, 1.0200, 
  5, 0.953,   173, 0.960,    38,   0.933,    90,  0.940,    43,  0.967,    80, 0.0199,   2, 1.0100, 0.6300, 1.0333, 
  6, 0.960,    83, 0.940,    51,   0.980,    46,  0.980,    44,  0.940,    46, 0.0200,   2, 1.0100, 0.6300, 1.0466, 
  7, 0.947,    72, 0.947,    54,   0.947,    68,  0.967,    60,  0.973,   134, 0.0197,   2, 1.0100, 0.6300, 1.0600, 
  8, 0.953,    46, 0.980,    62,   0.980,    98,  0.973,    77,  0.953,  1083, 0.0198,   2, 1.0100, 0.7600, 1.0200, 
  9, 0.953,    96, 0.953,    68,   0.940,    53,  0.953,   172,  0.973,    54, 0.0196,   2, 1.0100, 0.7600, 1.0333, 
 10, 0.940,    90, 0.953,    76,   0.953,    55,  0.960,   130,  0.953,   155, 0.0200,   2, 1.0100, 0.7600, 1.0466, 
 11, 0.960,    61, 0.967,    56,   0.967,    40,  0.987,  2001,  0.993,    54, 0.0196,   2, 1.0100, 0.7600, 1.0600, 
 12, 0.960,   110, 0.960,   101,   0.993,   123,  0.960,   701,  0.953,    76, 0.0200,   2, 1.0100, 0.9000, 1.0200, 
 13, 0.953,    41, 0.933,    43,   0.933,  2001,  0.960,    50,  0.967,    52, 0.0199,   2, 1.0100, 0.9000, 1.0333, 
 14, 0.960,   122, 0.967,   109,   0.993,    61,  0.967,   165,  0.993,    82, 0.0200,   2, 1.0100, 0.9000, 1.0466, 
 15, 0.947,    51, 0.967,   280,   0.947,    66,  0.960,    51,  0.987,   162, 0.0199,   2, 1.0100, 0.9000, 1.0600, 
 16, 0.940,    79, 0.967,   194,   0.953,    86,  0.947,    55,  0.960,   346, 0.0172,   2, 1.0366, 0.5000, 1.0200, 
 17, 0.967,    69, 0.973,    42,   0.980,  2001,  0.960,    63,  0.947,   150, 0.0193,   2, 1.0366, 0.5000, 1.0333, 
 18, 0.953,    69, 0.953,    54,   0.953,   121,  0.987,    56,  0.967,    50, 0.0200,   2, 1.0366, 0.5000, 1.0466, 
 19, 0.953,    54, 0.953,    57,   0.913,    57,  0.967,    59,  0.947,    74, 0.0197,   2, 1.0366, 0.5000, 1.0600, 
 20, 0.960,    56, 0.960,    54,   0.927,    46,  0.967,    56,  0.960,    88, 0.0199,   2, 1.0366, 0.6300, 1.0200, 
 21, 0.953,    61, 0.973,    66,   0.980,    43,  0.980,    70,  0.953,   123, 0.0191,   2, 1.0366, 0.6300, 1.0333, 
 22, 0.960,    53, 0.973,    94,   0.953,   108,  0.980,    80,  0.967,    76, 0.0197,   2, 1.0366, 0.6300, 1.0466, 
 23, 0.953,  2001, 0.960,  1501,   0.973,   102,  0.927,    39,  0.960,    47, 0.0713,   2, 1.0366, 0.6300, 1.0600, 
 24, 0.960,   159, 0.953,    88,   0.973,    71,  0.967,   189,  0.953,   129, 0.0199,   2, 1.0366, 0.7600, 1.0200, 
 25, 0.940,    35, 0.967,    57,   0.960,    71,  0.947,    43,  0.967,    68, 0.0197,   2, 1.0366, 0.7600, 1.0333, 
 26, 0.967,    60, 0.940,  1026,   0.987,   103,  0.940,    66,  0.960,   176, 0.0199,   2, 1.0366, 0.7600, 1.0466, 
 27, 0.960,    49, 0.960,   104,   0.980,    55,  0.960,    43,  0.920,    52, 0.0196,   2, 1.0366, 0.7600, 1.0600, 
 28, 0.960,    62, 0.960,   499,   0.967,   169,  0.940,    39,  0.973,    57, 0.0200,   2, 1.0366, 0.9000, 1.0200, 
 29, 0.967,    43, 0.947,    68,   0.960,    63,  0.960,    93,  0.953,    51, 0.0196,   2, 1.0366, 0.9000, 1.0333, 
 30, 0.940,    73, 0.913,    42,   0.953,    52,  0.973,    40,  0.927,   114, 0.0198,   2, 1.0366, 0.9000, 1.0466, 
 31, 0.947,   276, 0.960,    60,   0.953,   104,  0.940,    65,  0.967,    74, 0.0182,   2, 1.0366, 0.9000, 1.0600, 
 32, 0.953,   134, 0.953,    74,   0.940,    85,  0.953,    63,  0.967,    69, 0.0180,   2, 1.0633, 0.5000, 1.0200, 
 33, 0.953,    57, 0.960,    66,   0.947,    69,  0.973,    54,  0.953,    49, 0.0198,   2, 1.0633, 0.5000, 1.0333, 
 34, 0.973,    84, 0.953,    84,   0.947,    41,  0.987,    79,  0.980,    72, 0.0200,   2, 1.0633, 0.5000, 1.0466, 
 35, 0.967,    84, 0.960,   138,   0.960,    89,  0.953,    59,  0.980,    40, 0.0194,   2, 1.0633, 0.5000, 1.0600, 
 36, 0.947,  2001, 0.960,    91,   0.940,    49,  0.967,    70,  0.960,    69, 0.0276,   2, 1.0633, 0.6300, 1.0200, 
 37, 0.967,    43, 0.980,    47,   0.933,    80,  0.940,    41,  0.953,    61, 0.0199,   2, 1.0633, 0.6300, 1.0333, 
 38, 0.960,    86, 0.953,    93,   0.987,    39,  0.940,   139,  0.953,    38, 0.0199,   2, 1.0633, 0.6300, 1.0466, 
 39, 0.973,    52, 0.953,    43,   0.967,   110,  0.947,    88,  0.893,    66, 0.0198,   2, 1.0633, 0.6300, 1.0600, 
 40, 0.967,   100, 0.967,    65,   0.953,    55,  0.947,    72,  0.960,    62, 0.0200,   2, 1.0633, 0.7600, 1.0200, 
 41, 0.980,   103, 0.900,    45,   0.947,    61,  0.960,   107,  0.953,    73, 0.0192,   2, 1.0633, 0.7600, 1.0333, 
 42, 0.960,    77, 0.960,   129,   0.967,    60,  0.927,    58,  0.960,    69, 0.0197,   2, 1.0633, 0.7600, 1.0466, 
 43, 0.940,    99, 0.960,    53,   0.953,   101,  0.973,    48,  0.947,   112, 0.0192,   2, 1.0633, 0.7600, 1.0600, 
 44, 0.987,   273, 0.960,    68,   0.967,   168,  0.980,    63,  0.960,    58, 0.0199,   2, 1.0633, 0.9000, 1.0200, 
 45, 0.953,    43, 0.947,    43,   0.960,    66,  0.993,    70,  0.940,    41, 0.0196,   2, 1.0633, 0.9000, 1.0333, 
 46, 0.960,    60, 0.973,    62,   0.960,    83,  0.973,    98,  0.940,    81, 0.0199,   2, 1.0633, 0.9000, 1.0466, 
 47, 0.960,    67, 0.967,    66,   0.953,    60,  0.960,    57,  0.967,    44, 0.0200,   2, 1.0633, 0.9000, 1.0600, 
 48, 0.973,    57, 0.953,    61,   0.947,    41,  0.993,    99,  0.947,    95, 0.0197,   2, 1.0900, 0.5000, 1.0200, 
 49, 0.947,    84, 0.953,    79,   0.967,    57,  0.953,    68,  0.973,    43, 0.0198,   2, 1.0900, 0.5000, 1.0333, 
 50, 0.947,    59, 0.953,    52,   0.947,   246,  0.960,    45,  0.940,   103, 0.0200,   2, 1.0900, 0.5000, 1.0466, 
 51, 0.947,    51, 0.940,    63,   0.953,    55,  0.953,    44,  0.947,    34, 0.0197,   2, 1.0900, 0.5000, 1.0600, 
 52, 0.967,    44, 0.973,    71,   0.947,    82,  0.947,    62,  0.947,    48, 0.0198,   2, 1.0900, 0.6300, 1.0200, 
 53, 0.967,   131, 0.940,    81,   0.960,   198,  0.940,    97,  0.973,    71, 0.0200,   2, 1.0900, 0.6300, 1.0333, 
 54, 0.973,    95, 0.947,   208,   0.933,    43,  0.987,   135,  0.947,    55, 0.0199,   2, 1.0900, 0.6300, 1.0466, 
 55, 0.940,    46, 0.940,    88,   0.980,    78,  0.953,    81,  0.947,   110, 0.0196,   2, 1.0900, 0.6300, 1.0600, 
 56, 0.967,   108, 0.967,    72,   0.947,    48,  0.953,    38,  0.947,    76, 0.0200,   2, 1.0900, 0.7600, 1.0200, 
 57, 0.953,    70, 0.947,    42,   0.940,    62,  0.967,    52,  0.953,    68, 0.0200,   2, 1.0900, 0.7600, 1.0333, 
 58, 0.960,    49, 0.953,    39,   0.960,    91,  0.967,    76,  0.947,   173, 0.0178,   2, 1.0900, 0.7600, 1.0466, 
 59, 0.947,    53, 0.960,    57,   0.980,    61,  0.967,    52,  0.953,  2001, 0.0197,   2, 1.0900, 0.7600, 1.0600, 
 60, 0.960,    77, 0.967,    48,   0.980,  2001,  0.947,    58,  0.967,    56, 0.0193,   2, 1.0900, 0.9000, 1.0200, 
 61, 0.947,   126, 0.940,    69,   0.980,   128,  0.913,    59,  0.947,    53, 0.0200,   2, 1.0900, 0.9000, 1.0333, 
 62, 0.947,    76, 0.913,    81,   0.947,    47,  0.953,    53,  0.953,    50, 0.0200,   2, 1.0900, 0.9000, 1.0466, 
 63, 0.940,  2001, 0.960,    39,   0.160,  2001,  0.960,    69,  0.960,    40, 0.0887,   2, 1.0900, 0.9000, 1.0600, 
 64, 0.980,    47, 0.967,    52,   0.953,    48,  0.973,    64,  0.967,    94, 0.0197,   3, 1.0100, 0.5000, 1.0200, 
 65, 0.953,    98, 0.967,    61,   0.980,    35,  0.960,    48,  0.973,    76, 0.0185,   3, 1.0100, 0.5000, 1.0333, 
 66, 0.913,    66, 0.960,    73,   0.960,    50,  0.973,    36,  0.940,    51, 0.0199,   3, 1.0100, 0.5000, 1.0466, 
 67, 0.953,    54, 0.980,    46,   0.967,    44,  0.947,    55,  0.973,    59, 0.0199,   3, 1.0100, 0.5000, 1.0600, 
 68, 0.967,    43, 0.960,    81,   0.967,    57,  0.967,    43,  0.973,    54, 0.0199,   3, 1.0100, 0.6300, 1.0200, 
 69, 0.947,    61, 0.947,    69,   0.987,    54,  0.947,    44,  0.980,    51, 0.0181,   3, 1.0100, 0.6300, 1.0333, 
 70, 0.967,    32, 0.940,    55,   0.953,    41,  0.993,   122,  0.980,    46, 0.0197,   3, 1.0100, 0.6300, 1.0466, 
 71, 0.953,    43, 0.987,    60,   0.933,    41,  0.973,    34,  0.967,    38, 0.0198,   3, 1.0100, 0.6300, 1.0600, 
 72, 0.947,    40, 0.960,    84,   0.980,    53,  0.980,    46,  0.967,    45, 0.0198,   3, 1.0100, 0.7600, 1.0200, 
 73, 0.980,    86, 0.960,    88,   0.993,    32,  0.953,    47,  0.973,    41, 0.0199,   3, 1.0100, 0.7600, 1.0333, 
 74, 0.980,    67, 0.953,   128,   0.973,    56,  0.973,    66,  0.973,    52, 0.0199,   3, 1.0100, 0.7600, 1.0466, 
 75, 0.933,    50, 0.973,    41,   0.980,   124,  0.967,    61,  0.987,    46, 0.0190,   3, 1.0100, 0.7600, 1.0600, 
 76, 0.967,    48, 0.947,    39,   0.953,    72,  0.973,    42,  0.973,    44, 0.0199,   3, 1.0100, 0.9000, 1.0200, 
 77, 0.947,    46, 0.940,    65,   0.967,    95,  0.953,    57,  0.947,    43, 0.0197,   3, 1.0100, 0.9000, 1.0333, 
 78, 0.967,    50, 1.000,    33,   0.973,    42,  0.967,    83,  0.980,    88, 0.0199,   3, 1.0100, 0.9000, 1.0466, 
 79, 0.980,    55, 0.980,    35,   0.960,    54,  0.980,    37,  0.973,    55, 0.0198,   3, 1.0100, 0.9000, 1.0600, 
 80, 0.973,   113, 0.960,    37,   0.967,    40,  0.973,    38,  0.967,    36, 0.0184,   3, 1.0366, 0.5000, 1.0200, 
 81, 0.947,    58, 0.960,    60,   0.973,    53,  0.993,    46,  0.953,    46, 0.0179,   3, 1.0366, 0.5000, 1.0333, 
 82, 0.973,    34, 0.953,    79,   0.960,    47,  0.960,    34,  0.973,    51, 0.0196,   3, 1.0366, 0.5000, 1.0466, 
 83, 0.947,    59, 0.953,    76,   0.980,    60,  0.913,    52,  0.973,    73, 0.0198,   3, 1.0366, 0.5000, 1.0600, 
 84, 0.960,    42, 0.960,    68,   0.973,    34,  0.967,    42,  0.980,    32, 0.0196,   3, 1.0366, 0.6300, 1.0200, 
 85, 0.967,    60, 0.987,    37,   0.967,    37,  0.973,    47,  0.947,    45, 0.0200,   3, 1.0366, 0.6300, 1.0333, 
 86, 0.953,    42, 0.980,    47,   0.980,    61,  0.960,    58,  0.973,    42, 0.0197,   3, 1.0366, 0.6300, 1.0466, 
 87, 0.967,    43, 0.967,    63,   0.967,    51,  0.980,    36,  0.953,    38, 0.0196,   3, 1.0366, 0.6300, 1.0600, 
 88, 0.987,    35, 0.953,    38,   0.980,    34,  0.947,   227,  0.967,    61, 0.0196,   3, 1.0366, 0.7600, 1.0200, 
 89, 0.960,    43, 0.980,    35,   0.960,    45,  0.973,    50,  0.967,    44, 0.0196,   3, 1.0366, 0.7600, 1.0333, 
 90, 0.973,    39, 0.940,    70,   0.987,    55,  0.947,    69,  0.960,    44, 0.0199,   3, 1.0366, 0.7600, 1.0466, 
 91, 0.980,    50, 0.980,    56,   0.953,    39,  0.980,    53,  0.973,    62, 0.0198,   3, 1.0366, 0.7600, 1.0600, 
 92, 0.960,    50, 0.980,    91,   0.980,    59,  0.960,    44,  0.953,    40, 0.0199,   3, 1.0366, 0.9000, 1.0200, 
 93, 0.967,    40, 0.973,    47,   0.960,    44,  0.993,    39,  0.940,    32, 0.0198,   3, 1.0366, 0.9000, 1.0333, 
 94, 0.967,    76, 0.940,    36,   0.980,    35,  0.953,    41,  0.987,    56, 0.0199,   3, 1.0366, 0.9000, 1.0466, 
 95, 0.973,    83, 0.953,   106,   0.967,    58,  0.947,    49,  0.960,    42, 0.0200,   3, 1.0366, 0.9000, 1.0600, 
 96, 0.953,    42, 0.953,    44,   0.960,    62,  0.960,    51,  0.967,    41, 0.0194,   3, 1.0633, 0.5000, 1.0200, 
 97, 0.987,    49, 0.967,    68,   0.973,    37,  0.967,    38,  0.913,    57, 0.0200,   3, 1.0633, 0.5000, 1.0333, 
 98, 0.980,    49, 0.960,    52,   0.980,    42,  0.967,    31,  0.973,    46, 0.0199,   3, 1.0633, 0.5000, 1.0466, 
 99, 0.960,    56, 0.960,    39,   0.980,    50,  0.953,    30,  0.967,    83, 0.0199,   3, 1.0633, 0.5000, 1.0600, 
100, 0.940,    67, 0.973,    44,   0.947,    37,  0.973,    67,  0.987,    74, 0.0200,   3, 1.0633, 0.6300, 1.0200, 
101, 0.960,    43, 0.973,    39,   0.967,    40,  0.967,    29,  0.980,    70, 0.0200,   3, 1.0633, 0.6300, 1.0333, 
102, 0.960,    51, 0.953,    58,   0.987,    56,  0.940,    52,  0.960,    41, 0.0196,   3, 1.0633, 0.6300, 1.0466, 
103, 0.960,    33, 0.967,    39,   0.973,   124,  0.980,    77,  0.980,    80, 0.0198,   3, 1.0633, 0.6300, 1.0600, 
104, 0.967,    67, 0.967,    41,   0.953,    44,  0.953,    60,  0.993,    43, 0.0200,   3, 1.0633, 0.7600, 1.0200, 
105, 0.980,    42, 0.967,    52,   0.967,    64,  0.987,    34,  0.973,    34, 0.0198,   3, 1.0633, 0.7600, 1.0333, 
106, 0.967,    51, 0.953,    43,   0.947,    48,  0.980,    38,  0.953,    43, 0.0197,   3, 1.0633, 0.7600, 1.0466, 
107, 0.973,    42, 0.980,    48,   0.973,    46,  0.953,    49,  0.967,    77, 0.0196,   3, 1.0633, 0.7600, 1.0600, 
108, 0.980,    38, 0.953,    54,   0.960,    55,  0.947,    51,  0.987,    62, 0.0194,   3, 1.0633, 0.9000, 1.0200, 
109, 0.960,    42, 0.967,    65,   0.940,    45,  0.967,    31,  0.980,    52, 0.0198,   3, 1.0633, 0.9000, 1.0333, 
110, 0.967,    74, 0.960,    40,   0.953,    44,  0.953,    48,  0.973,    44, 0.0199,   3, 1.0633, 0.9000, 1.0466, 
111, 0.980,    38, 0.973,    39,   0.960,    62,  0.967,    44,  0.953,    72, 0.0196,   3, 1.0633, 0.9000, 1.0600, 
112, 0.960,    80, 0.953,    41,   0.960,    41,  0.967,    43,  0.980,    40, 0.0199,   3, 1.0900, 0.5000, 1.0200, 
113, 0.953,    69, 0.987,    52,   0.973,   308,  0.967,    41,  0.953,    40, 0.0200,   3, 1.0900, 0.5000, 1.0333, 
114, 0.960,    77, 0.940,    84,   0.973,    48,  0.987,    33,  0.947,    77, 0.0199,   3, 1.0900, 0.5000, 1.0466, 
115, 0.967,    64, 0.947,    40,   0.953,    50,  0.947,    39,  0.987,    64, 0.0194,   3, 1.0900, 0.5000, 1.0600, 
116, 0.960,    41, 0.967,    51,   0.980,    32,  0.967,    32,  0.980,    47, 0.0181,   3, 1.0900, 0.6300, 1.0200, 
117, 0.967,    32, 0.973,    60,   0.953,    60,  0.973,    48,  0.987,    39, 0.0195,   3, 1.0900, 0.6300, 1.0333, 
118, 0.973,    50, 0.967,    68,   0.980,    59,  0.973,    43,  0.947,    55, 0.0200,   3, 1.0900, 0.6300, 1.0466, 
119, 0.940,    47, 0.980,    45,   0.980,    39,  0.953,    41,  0.947,    56, 0.0198,   3, 1.0900, 0.6300, 1.0600, 
120, 0.953,   129, 0.960,    54,   0.967,    45,  0.973,    42,  0.953,    41, 0.0193,   3, 1.0900, 0.7600, 1.0200, 
121, 0.960,    52, 0.980,    40,   0.927,    57,  0.933,    43,  0.960,    46, 0.0199,   3, 1.0900, 0.7600, 1.0333, 
122, 0.967,    48, 0.980,    41,   0.953,    49,  0.967,    50,  0.953,    67, 0.0197,   3, 1.0900, 0.7600, 1.0466, 
123, 0.960,    65, 0.973,    75,   0.947,    82,  0.940,    88,  0.947,    48, 0.0199,   3, 1.0900, 0.7600, 1.0600, 
124, 0.960,    45, 0.967,    44,   0.973,    42,  0.953,    64,  0.967,    42, 0.0199,   3, 1.0900, 0.9000, 1.0200, 
125, 0.953,    66, 0.953,    71,   0.980,    44,  0.933,    71,  0.960,    57, 0.0171,   3, 1.0900, 0.9000, 1.0333, 
126, 0.980,    38, 0.960,    36,   0.960,    52,  0.973,    41,  0.980,    57, 0.0194,   3, 1.0900, 0.9000, 1.0466, 
127, 0.933,   116, 0.967,    39,   0.960,    47,  0.967,    46,  0.980,    49, 0.0200,   3, 1.0900, 0.9000, 1.0600, 
128, 0.987,   104, 0.987,    40,   0.953,    45,  0.980,    53,  0.987,    42, 0.0199,   4, 1.0100, 0.5000, 1.0200, 
129, 0.960,    50, 0.980,    46,   0.987,    40,  0.967,    46,  0.973,    44, 0.0200,   4, 1.0100, 0.5000, 1.0333, 
130, 0.980,    42, 0.940,    64,   0.960,    83,  0.967,    36,  0.967,    91, 0.0198,   4, 1.0100, 0.5000, 1.0466, 
131, 0.980,    35, 0.987,    46,   0.973,    51,  0.947,    43,  0.940,    37, 0.0196,   4, 1.0100, 0.5000, 1.0600, 
132, 0.953,    52, 0.967,    49,   0.980,    45,  0.980,    47,  0.987,    52, 0.0197,   4, 1.0100, 0.6300, 1.0200, 
133, 0.967,    47, 0.967,    42,   0.980,    49,  0.980,    49,  0.967,    42, 0.0198,   4, 1.0100, 0.6300, 1.0333, 
134, 0.973,    44, 0.953,    48,   0.967,    80,  0.980,    53,  0.960,    44, 0.0195,   4, 1.0100, 0.6300, 1.0466, 
135, 0.967,    46, 0.967,    68,   0.987,    43,  0.947,    77,  0.960,    48, 0.0199,   4, 1.0100, 0.6300, 1.0600, 
136, 0.987,    38, 0.987,    47,   0.987,    33,  0.953,    40,  0.960,    36, 0.0196,   4, 1.0100, 0.7600, 1.0200, 
137, 0.960,    35, 0.960,    56,   0.960,    47,  0.973,    35,  0.960,    31, 0.0193,   4, 1.0100, 0.7600, 1.0333, 
138, 0.987,    54, 0.993,    46,   0.973,    34,  0.973,    46,  0.967,    34, 0.0199,   4, 1.0100, 0.7600, 1.0466, 
139, 0.967,    55, 0.947,    54,   0.960,    80,  0.953,    58,  0.987,    50, 0.0200,   4, 1.0100, 0.7600, 1.0600, 
140, 0.960,    68, 0.987,    41,   0.980,    42,  0.993,    39,  0.980,    34, 0.0196,   4, 1.0100, 0.9000, 1.0200, 
141, 0.947,    43, 0.973,    66,   0.947,    37,  0.940,    36,  0.960,    38, 0.0195,   4, 1.0100, 0.9000, 1.0333, 
142, 0.973,    40, 0.973,    58,   0.980,    37,  0.980,    38,  0.967,    50, 0.0199,   4, 1.0100, 0.9000, 1.0466, 
143, 0.987,    36, 0.927,    73,   0.980,    49,  0.953,    50,  0.967,    42, 0.0195,   4, 1.0100, 0.9000, 1.0600, 
144, 0.947,   114, 0.973,    34,   0.947,   114,  0.980,    33,  0.987,    41, 0.0193,   4, 1.0366, 0.5000, 1.0200, 
145, 0.953,    46, 0.940,    61,   0.960,    34,  0.987,    34,  0.967,    42, 0.0197,   4, 1.0366, 0.5000, 1.0333, 
146, 0.947,    43, 0.993,    36,   0.980,    50,  0.967,    29,  0.987,    34, 0.0190,   4, 1.0366, 0.5000, 1.0466, 
147, 0.973,    46, 0.980,    42,   0.960,    82,  0.953,    50,  0.980,    58, 0.0197,   4, 1.0366, 0.5000, 1.0600, 
148, 0.960,    53, 0.953,    64,   0.973,    51,  0.967,    40,  0.967,    45, 0.0197,   4, 1.0366, 0.6300, 1.0200, 
149, 0.993,    41, 0.953,    55,   0.980,    49,  0.967,    45,  0.980,    56, 0.0195,   4, 1.0366, 0.6300, 1.0333, 
150, 0.980,    34, 0.973,    41,   0.980,    40,  0.967,    44,  0.987,    44, 0.0199,   4, 1.0366, 0.6300, 1.0466, 
151, 0.980,    36, 0.973,    36,   0.980,    44,  0.980,    46,  0.953,    40, 0.0199,   4, 1.0366, 0.6300, 1.0600, 
152, 0.993,    42, 0.953,    53,   0.947,    52,  0.987,    40,  0.973,    52, 0.0197,   4, 1.0366, 0.7600, 1.0200, 
153, 0.973,    98, 0.940,    33,   0.980,    93,  0.993,    54,  0.967,    58, 0.0200,   4, 1.0366, 0.7600, 1.0333, 
154, 0.947,    51, 0.953,    47,   0.973,    40,  0.953,    37,  0.960,    58, 0.0199,   4, 1.0366, 0.7600, 1.0466, 
155, 0.987,    33, 0.953,    75,   0.940,    67,  0.973,    59,  0.980,    48, 0.0199,   4, 1.0366, 0.7600, 1.0600, 
156, 0.967,    39, 0.993,    37,   0.973,    64,  0.960,    43,  0.960,    40, 0.0198,   4, 1.0366, 0.9000, 1.0200, 
157, 0.967,    42, 0.973,    39,   0.980,    33,  0.987,    34,  0.973,    82, 0.0197,   4, 1.0366, 0.9000, 1.0333, 
158, 0.967,    46, 0.980,    43,   0.980,    30,  0.953,    94,  0.980,    57, 0.0190,   4, 1.0366, 0.9000, 1.0466, 
159, 0.973,    43, 0.980,    53,   0.973,    30,  0.973,    81,  0.987,    54, 0.0196,   4, 1.0366, 0.9000, 1.0600, 
160, 0.947,    63, 0.973,    51,   0.980,    61,  0.933,    41,  0.967,    37, 0.0194,   4, 1.0633, 0.5000, 1.0200, 
161, 0.960,    34, 0.960,    64,   0.973,    54,  0.960,    55,  0.973,    43, 0.0195,   4, 1.0633, 0.5000, 1.0333, 
162, 0.987,    39, 0.993,    37,   0.987,    57,  0.980,    49,  0.980,    51, 0.0195,   4, 1.0633, 0.5000, 1.0466, 
163, 0.987,    54, 0.933,    36,   0.987,    31,  0.967,    38,  0.967,    34, 0.0200,   4, 1.0633, 0.5000, 1.0600, 
164, 0.960,    38, 0.967,    41,   0.940,   100,  0.960,   102,  0.973,    42, 0.0199,   4, 1.0633, 0.6300, 1.0200, 
165, 0.980,    57, 0.980,    57,   0.980,    84,  0.993,    53,  0.980,    31, 0.0200,   4, 1.0633, 0.6300, 1.0333, 
166, 0.967,    48, 0.960,    63,   0.987,    38,  0.980,    50,  0.973,    40, 0.0195,   4, 1.0633, 0.6300, 1.0466, 
167, 0.987,    40, 0.973,    35,   0.973,    31,  0.967,   108,  0.980,    40, 0.0193,   4, 1.0633, 0.6300, 1.0600, 
168, 0.973,    41, 0.953,    46,   0.967,    38,  0.987,    40,  0.980,    41, 0.0198,   4, 1.0633, 0.7600, 1.0200, 
169, 0.947,    52, 0.967,    52,   0.980,    44,  0.960,    47,  0.973,    41, 0.0198,   4, 1.0633, 0.7600, 1.0333, 
170, 0.967,    34, 0.980,    30,   0.960,    38,  0.973,    60,  0.993,    49, 0.0194,   4, 1.0633, 0.7600, 1.0466, 
171, 0.980,    45, 0.967,    49,   0.960,    35,  0.967,    39,  0.980,    39, 0.0199,   4, 1.0633, 0.7600, 1.0600, 
172, 0.987,    49, 0.973,    32,   0.967,    52,  0.967,    34,  0.973,    36, 0.0199,   4, 1.0633, 0.9000, 1.0200, 
173, 0.973,    36, 0.967,    50,   0.980,    42,  0.967,    58,  0.953,    42, 0.0194,   4, 1.0633, 0.9000, 1.0333, 
174, 0.933,    37, 0.980,    33,   0.967,    49,  0.967,    40,  0.987,    43, 0.0199,   4, 1.0633, 0.9000, 1.0466, 
175, 0.980,    40, 0.960,    81,   0.967,    49,  0.993,    52,  0.960,    46, 0.0200,   4, 1.0633, 0.9000, 1.0600, 
176, 0.960,    51, 0.967,    40,   0.953,    47,  0.973,    45,  0.940,    35, 0.0199,   4, 1.0900, 0.5000, 1.0200, 
177, 0.967,    53, 0.987,    41,   0.987,    29,  0.927,    45,  0.960,    39, 0.0196,   4, 1.0900, 0.5000, 1.0333, 
178, 0.987,    43, 0.953,    48,   0.960,    50,  0.973,    37,  0.980,    37, 0.0197,   4, 1.0900, 0.5000, 1.0466, 
179, 0.960,    42, 0.967,    47,   0.973,    41,  0.980,    42,  0.987,    39, 0.0200,   4, 1.0900, 0.5000, 1.0600, 
180, 0.960,    42, 0.973,    42,   0.940,    49,  0.980,    37,  0.967,    42, 0.0198,   4, 1.0900, 0.6300, 1.0200, 
181, 0.980,    50, 0.953,    41,   0.953,    34,  0.973,    49,  0.987,    44, 0.0198,   4, 1.0900, 0.6300, 1.0333, 
182, 0.980,    32, 0.953,    49,   0.960,    75,  0.973,    41,  0.953,    48, 0.0197,   4, 1.0900, 0.6300, 1.0466, 
183, 0.967,    34, 0.973,    40,   0.987,    32,  0.967,    53,  0.973,    49, 0.0197,   4, 1.0900, 0.6300, 1.0600, 
184, 0.953,    53, 0.967,    42,   0.980,    40,  0.967,    30,  0.967,    43, 0.0195,   4, 1.0900, 0.7600, 1.0200, 
185, 0.973,    39, 0.967,    66,   0.973,    36,  0.973,    60,  0.973,    52, 0.0198,   4, 1.0900, 0.7600, 1.0333, 
186, 0.980,    33, 0.967,    34,   0.980,    45,  0.980,    52,  0.993,    44, 0.0197,   4, 1.0900, 0.7600, 1.0466, 
187, 0.993,    42, 0.953,    39,   0.973,    34,  0.987,    43,  0.973,    53, 0.0195,   4, 1.0900, 0.7600, 1.0600, 
188, 0.967,    62, 0.960,   100,   0.973,    78,  0.973,    37,  0.973,    36, 0.0199,   4, 1.0900, 0.9000, 1.0200, 
189, 0.967,    57, 0.960,    34,   0.960,    35,  0.960,    40,  0.967,    43, 0.0200,   4, 1.0900, 0.9000, 1.0333, 
190, 0.953,    64, 0.953,    48,   0.973,    32,  0.973,    38,  0.960,    36, 0.0197,   4, 1.0900, 0.9000, 1.0466, 
191, 0.980,    49, 0.973,    42,   0.940,    45,  0.973,    43,  0.993,    37, 0.0199,   4, 1.0900, 0.9000, 1.0600, 
192, 0.940,    58, 0.953,    46,   0.973,    32,  0.960,    41,  0.967,    43, 0.0199,   5, 1.0100, 0.5000, 1.0200, 
193, 0.967,    47, 0.973,    48,   0.980,    47,  0.987,    45,  0.980,    36, 0.0195,   5, 1.0100, 0.5000, 1.0333, 
194, 0.987,    88, 0.967,    35,   0.953,    72,  0.967,    41,  0.967,    46, 0.0199,   5, 1.0100, 0.5000, 1.0466, 
195, 0.987,    38, 0.973,    53,   0.980,    35,  0.960,    37,  0.987,    59, 0.0197,   5, 1.0100, 0.5000, 1.0600, 
196, 0.967,    46, 0.973,    46,   0.973,    49,  0.967,    39,  0.980,    32, 0.0199,   5, 1.0100, 0.6300, 1.0200, 
197, 0.980,    43, 0.980,    47,   0.973,    58,  0.987,    39,  0.980,    41, 0.0199,   5, 1.0100, 0.6300, 1.0333, 
198, 0.947,    51, 0.967,    36,   0.980,    48,  0.967,    39,  0.947,    62, 0.0197,   5, 1.0100, 0.6300, 1.0466, 
199, 0.987,    34, 0.967,    38,   0.993,    45,  0.987,    49,  0.980,    53, 0.0190,   5, 1.0100, 0.6300, 1.0600, 
200, 0.980,    43, 0.960,    52,   0.980,    41,  0.980,    50,  0.987,    36, 0.0197,   5, 1.0100, 0.7600, 1.0200, 
201, 0.980,    41, 0.973,    39,   0.993,    35,  0.973,    38,  0.967,    41, 0.0197,   5, 1.0100, 0.7600, 1.0333, 
202, 0.967,    52, 0.973,    39,   0.980,    41,  0.973,    55,  0.960,    45, 0.0200,   5, 1.0100, 0.7600, 1.0466, 
203, 0.980,    61, 0.973,    35,   0.987,    33,  0.973,    31,  0.960,    54, 0.0196,   5, 1.0100, 0.7600, 1.0600, 
204, 0.967,    39, 0.967,    43,   0.980,    32,  0.967,    31,  0.973,    31, 0.0199,   5, 1.0100, 0.9000, 1.0200, 
205, 0.947,    49, 0.980,    35,   0.987,    39,  0.973,    49,  0.980,    40, 0.0195,   5, 1.0100, 0.9000, 1.0333, 
206, 0.973,    49, 0.960,    62,   0.987,    44,  0.980,    40,  0.953,    49, 0.0198,   5, 1.0100, 0.9000, 1.0466, 
207, 0.967,    37, 0.973,    41,   0.967,    31,  0.987,    40,  0.960,    41, 0.0192,   5, 1.0100, 0.9000, 1.0600, 
208, 0.987,    34, 0.967,    45,   0.980,    37,  0.987,    39,  0.973,    39, 0.0196,   5, 1.0366, 0.5000, 1.0200, 
209, 0.967,    45, 0.993,    45,   0.987,    38,  0.973,    31,  0.967,    98, 0.0199,   5, 1.0366, 0.5000, 1.0333, 
210, 0.960,    79, 0.953,    48,   0.973,    40,  0.953,    31,  0.987,    34, 0.0200,   5, 1.0366, 0.5000, 1.0466, 
211, 0.987,    68, 0.967,    37,   0.967,    30,  0.973,    43,  0.967,    61, 0.0198,   5, 1.0366, 0.5000, 1.0600, 
212, 0.967,    40, 0.960,    37,   0.973,    45,  0.960,    44,  0.967,    40, 0.0197,   5, 1.0366, 0.6300, 1.0200, 
213, 0.927,    41, 0.933,    49,   0.940,    33,  0.973,    32,  0.967,    52, 0.0199,   5, 1.0366, 0.6300, 1.0333, 
214, 0.987,    36, 0.967,    33,   0.993,    33,  0.980,    44,  0.980,    43, 0.0196,   5, 1.0366, 0.6300, 1.0466, 
215, 0.973,    38, 0.973,    38,   0.967,    46,  0.987,    35,  0.993,    42, 0.0196,   5, 1.0366, 0.6300, 1.0600, 
216, 0.953,    46, 0.967,    50,   0.980,    36,  0.973,    50,  0.967,    34, 0.0198,   5, 1.0366, 0.7600, 1.0200, 
217, 0.980,    32, 0.993,    33,   0.973,    45,  0.960,    47,  0.987,    40, 0.0198,   5, 1.0366, 0.7600, 1.0333, 
218, 0.980,    36, 0.980,    50,   0.967,    39,  0.980,    37,  0.967,    62, 0.0198,   5, 1.0366, 0.7600, 1.0466, 
219, 0.987,    35, 0.940,    41,   0.960,    49,  0.967,    45,  0.993,    33, 0.0200,   5, 1.0366, 0.7600, 1.0600, 
220, 0.960,    57, 0.967,    81,   0.993,    44,  0.993,    43,  0.967,    46, 0.0199,   5, 1.0366, 0.9000, 1.0200, 
221, 0.980,    36, 0.953,    33,   0.980,    43,  0.987,    37,  0.980,    31, 0.0195,   5, 1.0366, 0.9000, 1.0333, 
222, 0.987,    33, 0.980,    42,   0.967,    36,  0.953,    59,  0.947,    33, 0.0197,   5, 1.0366, 0.9000, 1.0466, 
223, 0.980,    37, 0.940,    60,   0.973,    38,  0.980,    36,  0.953,    38, 0.0198,   5, 1.0366, 0.9000, 1.0600, 
224, 0.973,    42, 0.967,    48,   0.973,    38,  0.973,    39,  0.980,    38, 0.0195,   5, 1.0633, 0.5000, 1.0200, 
225, 0.973,    48, 0.973,    40,   0.967,    45,  0.987,    36,  0.987,    37, 0.0196,   5, 1.0633, 0.5000, 1.0333, 
226, 0.987,    29, 0.980,    43,   0.980,    39,  0.973,    33,  0.953,    33, 0.0195,   5, 1.0633, 0.5000, 1.0466, 
227, 0.960,    53, 0.987,    33,   0.987,    43,  0.973,    42,  0.987,    45, 0.0199,   5, 1.0633, 0.5000, 1.0600, 
228, 0.973,    40, 0.973,    29,   0.967,    43,  0.940,    36,  0.973,    37, 0.0199,   5, 1.0633, 0.6300, 1.0200, 
229, 0.987,    44, 0.967,    48,   0.967,    47,  0.993,    52,  0.973,    39, 0.0198,   5, 1.0633, 0.6300, 1.0333, 
230, 0.993,    82, 0.987,    44,   0.953,    40,  0.980,    42,  0.993,    36, 0.0199,   5, 1.0633, 0.6300, 1.0466, 
231, 0.973,    40, 0.973,    45,   0.960,    39,  0.987,    36,  0.960,    49, 0.0194,   5, 1.0633, 0.6300, 1.0600, 
232, 0.980,    41, 0.987,    31,   0.953,    34,  0.967,    42,  0.960,    39, 0.0199,   5, 1.0633, 0.7600, 1.0200, 
233, 0.980,    41, 0.960,    39,   0.973,    34,  0.993,    46,  0.953,    36, 0.0197,   5, 1.0633, 0.7600, 1.0333, 
234, 0.973,    50, 0.960,    53,   0.980,    48,  0.973,    40,  0.980,    45, 0.0198,   5, 1.0633, 0.7600, 1.0466, 
235, 0.980,    43, 0.973,    38,   0.960,    49,  0.967,    30,  0.987,    54, 0.0199,   5, 1.0633, 0.7600, 1.0600, 
236, 0.973,    39, 0.967,    31,   0.953,    34,  0.980,    41,  0.953,    42, 0.0191,   5, 1.0633, 0.9000, 1.0200, 
237, 0.980,    40, 0.967,    47,   0.973,    37,  0.967,    40,  0.973,    37, 0.0195,   5, 1.0633, 0.9000, 1.0333, 
238, 0.980,    55, 0.993,    47,   0.973,    29,  0.993,    39,  0.953,    33, 0.0199,   5, 1.0633, 0.9000, 1.0466, 
239, 0.973,    41, 0.993,    39,   0.980,    40,  0.987,    34,  0.973,    44, 0.0199,   5, 1.0633, 0.9000, 1.0600, 
240, 0.973,    37, 0.980,    42,   0.987,    44,  0.967,    41,  0.980,    40, 0.0196,   5, 1.0900, 0.5000, 1.0200, 
241, 0.967,    40, 0.973,    41,   0.960,    56,  0.967,    47,  0.967,    33, 0.0192,   5, 1.0900, 0.5000, 1.0333, 
242, 0.973,    42, 0.987,    39,   0.980,    36,  0.973,    48,  0.960,    36, 0.0199,   5, 1.0900, 0.5000, 1.0466, 
243, 0.993,    40, 0.980,    42,   0.967,    44,  0.980,    48,  0.947,    38, 0.0199,   5, 1.0900, 0.5000, 1.0600, 
244, 0.940,    34, 0.953,    31,   0.973,    58,  0.980,    54,  0.967,    41, 0.0196,   5, 1.0900, 0.6300, 1.0200, 
245, 0.980,    49, 0.967,    46,   0.960,    33,  0.987,    45,  0.967,    48, 0.0200,   5, 1.0900, 0.6300, 1.0333, 
246, 0.967,    49, 0.967,    40,   0.960,    41,  0.980,    34,  0.993,    34, 0.0198,   5, 1.0900, 0.6300, 1.0466, 
247, 0.973,    40, 0.987,    42,   0.960,    31,  0.953,    40,  0.973,    29, 0.0200,   5, 1.0900, 0.6300, 1.0600, 
248, 0.980,    36, 0.973,    43,   0.987,    34,  0.973,    43,  0.947,    47, 0.0193,   5, 1.0900, 0.7600, 1.0200, 
249, 0.987,    29, 0.967,    48,   0.953,    40,  0.973,    33,  0.980,    40, 0.0190,   5, 1.0900, 0.7600, 1.0333, 
250, 0.953,    36, 0.980,    38,   0.987,    40,  0.960,    35,  0.973,    40, 0.0199,   5, 1.0900, 0.7600, 1.0466, 
251, 0.973,    46, 0.973,    49,   0.973,    53,  0.973,    45,  0.967,    37, 0.0200,   5, 1.0900, 0.7600, 1.0600, 
252, 0.973,    38, 0.967,    45,   0.967,    37,  0.980,    42,  0.967,    35, 0.0199,   5, 1.0900, 0.9000, 1.0200, 
253, 0.980,    55, 0.947,    40,   0.993,    50,  0.980,    34,  0.973,    38, 0.0198,   5, 1.0900, 0.9000, 1.0333, 
254, 0.973,    53, 0.973,    33,   0.953,    62,  0.953,    48,  0.987,    33, 0.0199,   5, 1.0900, 0.9000, 1.0466, 
255, 0.973,    37, 0.967,    48,   0.973,    43,  0.993,    38,  0.967,    48, 0.0193,   5, 1.0900, 0.9000, 1.0600, 
256, 0.940,    45, 0.987,    37,   0.967,    45,  0.980,    35,  0.967,    49, 0.0197,   6, 1.0100, 0.5000, 1.0200, 
257, 0.960,    51, 0.987,    36,   0.980,    39,  0.987,    41,  0.973,    46, 0.0199,   6, 1.0100, 0.5000, 1.0333, 
258, 0.987,    40, 0.980,    48,   0.947,    65,  0.993,    42,  0.980,    57, 0.0198,   6, 1.0100, 0.5000, 1.0466, 
259, 0.980,    46, 0.973,    96,   0.960,    54,  0.980,    40,  0.980,    59, 0.0196,   6, 1.0100, 0.5000, 1.0600, 
260, 0.967,    43, 0.967,    49,   0.973,    38,  0.967,    44,  0.980,    49, 0.0196,   6, 1.0100, 0.6300, 1.0200, 
261, 0.973,    43, 0.953,    63,   0.973,    35,  0.973,    36,  0.960,    32, 0.0196,   6, 1.0100, 0.6300, 1.0333, 
262, 0.987,    44, 0.987,    47,   0.987,    43,  0.987,    41,  0.960,    41, 0.0200,   6, 1.0100, 0.6300, 1.0466, 
263, 0.973,    39, 0.980,    39,   0.980,    36,  0.980,    34,  0.980,    37, 0.0199,   6, 1.0100, 0.6300, 1.0600, 
264, 0.987,    43, 0.987,    39,   0.973,    48,  0.960,    37,  0.993,    36, 0.0200,   6, 1.0100, 0.7600, 1.0200, 
265, 0.980,    45, 0.993,    36,   0.980,    58,  0.980,    52,  0.987,    37, 0.0199,   6, 1.0100, 0.7600, 1.0333, 
266, 0.933,    51, 0.987,    40,   0.973,    45,  0.973,    51,  0.973,    31, 0.0199,   6, 1.0100, 0.7600, 1.0466, 
267, 0.980,    40, 0.973,    46,   0.973,    43,  0.993,    31,  0.967,    35, 0.0197,   6, 1.0100, 0.7600, 1.0600, 
268, 0.987,    39, 0.980,    44,   0.980,    39,  0.980,    38,  0.973,    84, 0.0196,   6, 1.0100, 0.9000, 1.0200, 
269, 0.993,    44, 0.987,    47,   0.980,    34,  0.973,    55,  0.987,    34, 0.0190,   6, 1.0100, 0.9000, 1.0333, 
270, 0.973,    35, 0.980,    43,   0.987,    55,  0.973,    55,  0.973,    45, 0.0195,   6, 1.0100, 0.9000, 1.0466, 
271, 0.940,    39, 0.960,    50,   0.940,    65,  0.987,    45,  0.967,    33, 0.0195,   6, 1.0100, 0.9000, 1.0600, 
272, 0.987,    36, 0.973,    35,   0.953,    47,  0.953,    48,  0.967,    34, 0.0198,   6, 1.0366, 0.5000, 1.0200, 
273, 0.973,    44, 0.973,    37,   0.967,    38,  0.980,    42,  0.993,    38, 0.0200,   6, 1.0366, 0.5000, 1.0333, 
274, 0.987,    37, 0.987,    38,   0.967,    32,  0.967,    34,  0.947,    37, 0.0199,   6, 1.0366, 0.5000, 1.0466, 
275, 0.940,    56, 0.973,    43,   0.967,    34,  0.973,    43,  0.960,    41, 0.0199,   6, 1.0366, 0.5000, 1.0600, 
276, 0.967,    42, 0.980,    52,   0.953,    45,  0.987,    39,  0.987,    35, 0.0191,   6, 1.0366, 0.6300, 1.0200, 
277, 0.980,    34, 0.960,    36,   0.967,    38,  0.980,    48,  0.973,    54, 0.0196,   6, 1.0366, 0.6300, 1.0333, 
278, 0.980,    32, 0.973,    45,   0.973,    58,  0.967,    50,  0.973,    37, 0.0198,   6, 1.0366, 0.6300, 1.0466, 
279, 0.987,    47, 0.973,    34,   0.947,    40,  0.973,    40,  0.973,    32, 0.0200,   6, 1.0366, 0.6300, 1.0600, 
280, 0.980,    36, 0.980,    45,   0.973,    60,  0.987,    35,  0.980,    44, 0.0197,   6, 1.0366, 0.7600, 1.0200, 
281, 0.980,    77, 0.980,    40,   0.980,    42,  0.980,    59,  0.973,    38, 0.0199,   6, 1.0366, 0.7600, 1.0333, 
282, 0.947,    61, 0.980,    34,   0.967,    46,  0.980,    53,  0.980,    58, 0.0200,   6, 1.0366, 0.7600, 1.0466, 
283, 0.973,    47, 0.953,    35,   0.987,    51,  0.993,    30,  0.980,    40, 0.0197,   6, 1.0366, 0.7600, 1.0600, 
284, 0.980,    34, 0.953,    35,   0.967,    42,  0.987,    47,  0.980,    30, 0.0196,   6, 1.0366, 0.9000, 1.0200, 
285, 0.980,    33, 0.980,    41,   0.987,    37,  0.953,    37,  0.987,    33, 0.0199,   6, 1.0366, 0.9000, 1.0333, 
286, 0.987,    45, 0.980,    39,   0.973,    54,  0.960,    47,  0.987,    34, 0.0194,   6, 1.0366, 0.9000, 1.0466, 
287, 0.987,    32, 0.980,    42,   0.967,    29,  0.987,    31,  0.973,    42, 0.0198,   6, 1.0366, 0.9000, 1.0600, 
288, 0.987,    34, 0.967,    46,   0.973,    41,  0.987,    39,  0.973,    41, 0.0197,   6, 1.0633, 0.5000, 1.0200, 
289, 0.967,    55, 0.973,    45,   0.993,    33,  0.967,    31,  0.987,    37, 0.0199,   6, 1.0633, 0.5000, 1.0333, 
290, 0.967,    42, 0.980,    54,   0.967,    36,  0.987,    47,  0.973,    38, 0.0200,   6, 1.0633, 0.5000, 1.0466, 
291, 0.987,    30, 0.973,    34,   0.967,    45,  0.993,    39,  0.973,    31, 0.0198,   6, 1.0633, 0.5000, 1.0600, 
292, 0.987,    38, 0.960,    48,   0.960,    37,  0.973,    42,  0.993,    41, 0.0188,   6, 1.0633, 0.6300, 1.0200, 
293, 0.967,    31, 0.993,    38,   0.980,    43,  0.973,    41,  0.947,    41, 0.0195,   6, 1.0633, 0.6300, 1.0333, 
294, 0.967,    49, 0.987,    33,   0.947,    41,  0.967,    40,  0.967,    39, 0.0199,   6, 1.0633, 0.6300, 1.0466, 
295, 0.980,    45, 0.980,    33,   0.973,    32,  0.973,    42,  0.980,    31, 0.0198,   6, 1.0633, 0.6300, 1.0600, 
296, 0.973,    54, 0.980,    38,   0.973,    45,  0.947,    50,  0.980,    37, 0.0198,   6, 1.0633, 0.7600, 1.0200, 
297, 0.973,    37, 0.980,    42,   0.973,    32,  0.973,    63,  0.973,    44, 0.0191,   6, 1.0633, 0.7600, 1.0333, 
298, 0.973,    49, 0.960,    60,   0.973,    35,  0.960,    42,  0.960,    40, 0.0199,   6, 1.0633, 0.7600, 1.0466, 
299, 0.980,    40, 0.987,    32,   0.987,    30,  0.960,    48,  0.987,    51, 0.0198,   6, 1.0633, 0.7600, 1.0600, 
300, 0.980,    31, 0.980,    38,   0.947,    39,  0.973,    46,  0.973,    50, 0.0192,   6, 1.0633, 0.9000, 1.0200, 
301, 0.987,    32, 0.987,    38,   0.980,    36,  0.980,    30,  1.000,    44, 0.0197,   6, 1.0633, 0.9000, 1.0333, 
302, 0.960,    41, 0.967,    47,   0.980,    36,  0.987,    55,  0.953,    50, 0.0200,   6, 1.0633, 0.9000, 1.0466, 
303, 0.967,    34, 0.960,    44,   0.987,    35,  0.980,    40,  0.967,    43, 0.0194,   6, 1.0633, 0.9000, 1.0600, 
304, 0.980,    36, 0.933,    39,   0.980,    53,  0.927,    42,  0.960,    52, 0.0197,   6, 1.0900, 0.5000, 1.0200, 
305, 0.960,    42, 0.987,    28,   0.973,    50,  0.973,    37,  0.980,    37, 0.0193,   6, 1.0900, 0.5000, 1.0333, 
306, 0.967,    38, 0.993,    36,   0.987,    31,  0.980,    31,  0.980,    45, 0.0199,   6, 1.0900, 0.5000, 1.0466, 
307, 0.973,    45, 0.967,    31,   0.973,    31,  0.973,    42,  0.973,    41, 0.0199,   6, 1.0900, 0.5000, 1.0600, 
308, 0.967,    34, 0.973,    42,   0.973,    37,  0.980,    42,  0.980,    40, 0.0196,   6, 1.0900, 0.6300, 1.0200, 
309, 0.987,    32, 0.947,    61,   0.980,    40,  0.960,    35,  0.967,    43, 0.0195,   6, 1.0900, 0.6300, 1.0333, 
310, 0.973,    44, 0.967,    44,   0.967,    43,  0.987,    43,  0.980,    33, 0.0192,   6, 1.0900, 0.6300, 1.0466, 
311, 0.973,    39, 0.993,    33,   0.987,    55,  0.973,    54,  0.960,    50, 0.0199,   6, 1.0900, 0.6300, 1.0600, 
312, 0.967,    41, 0.973,    44,   0.967,    42,  0.960,    43,  0.953,    60, 0.0197,   6, 1.0900, 0.7600, 1.0200, 
313, 0.973,    47, 0.967,    45,   0.967,    47,  0.947,    36,  0.987,    31, 0.0200,   6, 1.0900, 0.7600, 1.0333, 
314, 0.980,    35, 0.953,    61,   0.960,    43,  0.980,    33,  0.967,    75, 0.0200,   6, 1.0900, 0.7600, 1.0466, 
315, 0.960,    42, 0.973,    40,   0.987,    45,  0.987,    47,  0.973,    40, 0.0196,   6, 1.0900, 0.7600, 1.0600, 
316, 0.987,    39, 0.973,    43,   0.980,    46,  0.973,    36,  0.980,    31, 0.0199,   6, 1.0900, 0.9000, 1.0200, 
317, 0.993,    34, 0.973,    45,   0.980,    34,  0.980,    31,  0.987,    32, 0.0199,   6, 1.0900, 0.9000, 1.0333, 
318, 0.987,    40, 0.960,    51,   0.947,    39,  0.967,    51,  0.967,    33, 0.0199,   6, 1.0900, 0.9000, 1.0466, 
319, 0.973,    31, 0.973,    39,   0.967,    41,  0.980,    31,  0.953,    43, 0.0193,   6, 1.0900, 0.9000, 1.0600, 
320, 0.980,    36, 0.987,    33,   0.960,    78,  0.993,    38,  0.980,    33, 0.0192,   7, 1.0100, 0.5000, 1.0200, 
321, 0.980,    39, 0.973,    40,   0.987,    43,  0.987,    38,  0.960,    45, 0.0192,   7, 1.0100, 0.5000, 1.0333, 
322, 0.973,    29, 0.953,    31,   0.980,    38,  0.980,    45,  0.987,    36, 0.0197,   7, 1.0100, 0.5000, 1.0466, 
323, 0.987,    37, 0.980,    44,   0.973,    40,  0.980,    38,  0.987,    33, 0.0196,   7, 1.0100, 0.5000, 1.0600, 
324, 0.980,    57, 0.980,    33,   0.980,    34,  0.960,    51,  0.973,    62, 0.0195,   7, 1.0100, 0.6300, 1.0200, 
325, 0.987,    35, 0.987,    47,   0.953,    42,  0.980,    41,  0.980,    31, 0.0196,   7, 1.0100, 0.6300, 1.0333, 
326, 0.980,    49, 0.973,    48,   0.953,    52,  0.980,    51,  0.960,    47, 0.0198,   7, 1.0100, 0.6300, 1.0466, 
327, 0.993,    35, 0.973,    49,   0.973,    39,  0.973,    57,  0.973,    48, 0.0197,   7, 1.0100, 0.6300, 1.0600, 
328, 0.987,    34, 0.967,    37,   0.980,    55,  0.960,    50,  0.993,    44, 0.0200,   7, 1.0100, 0.7600, 1.0200, 
329, 0.980,    39, 0.973,    40,   0.980,    39,  0.993,    49,  0.980,    33, 0.0194,   7, 1.0100, 0.7600, 1.0333, 
330, 0.980,    46, 0.987,    39,   0.993,    40,  0.967,    41,  0.980,    48, 0.0199,   7, 1.0100, 0.7600, 1.0466, 
331, 0.967,    49, 0.960,    41,   0.967,    33,  0.993,    34,  0.987,    37, 0.0199,   7, 1.0100, 0.7600, 1.0600, 
332, 0.973,    36, 0.953,    46,   0.993,    43,  0.973,    38,  0.980,    50, 0.0200,   7, 1.0100, 0.9000, 1.0200, 
333, 0.987,    41, 0.980,    51,   0.987,    35,  0.980,    44,  0.980,    43, 0.0196,   7, 1.0100, 0.9000, 1.0333, 
334, 0.973,    58, 1.000,    36,   0.987,    48,  0.980,    31,  0.953,    45, 0.0199,   7, 1.0100, 0.9000, 1.0466, 
335, 0.980,    50, 0.967,    34,   0.960,    53,  0.987,    50,  0.967,    42, 0.0199,   7, 1.0100, 0.9000, 1.0600, 
336, 0.987,    40, 0.980,    36,   0.967,    42,  0.973,    34,  0.973,    34, 0.0200,   7, 1.0366, 0.5000, 1.0200, 
337, 0.973,    41, 0.973,    42,   0.980,    33,  0.987,    38,  0.987,    39, 0.0197,   7, 1.0366, 0.5000, 1.0333, 
338, 0.980,    41, 0.973,    33,   0.993,    46,  0.987,    41,  0.987,    32, 0.0195,   7, 1.0366, 0.5000, 1.0466, 
339, 0.967,    35, 0.973,    50,   0.967,    29,  0.980,    40,  0.987,    41, 0.0198,   7, 1.0366, 0.5000, 1.0600, 
340, 0.973,    33, 0.953,    39,   0.987,    37,  0.987,    41,  0.967,    31, 0.0194,   7, 1.0366, 0.6300, 1.0200, 
341, 0.987,    48, 0.987,    35,   0.993,    33,  0.980,    30,  0.973,    54, 0.0198,   7, 1.0366, 0.6300, 1.0333, 
342, 0.980,    32, 0.980,    47,   0.987,    42,  0.980,    37,  0.960,    29, 0.0195,   7, 1.0366, 0.6300, 1.0466, 
343, 0.967,    42, 0.987,    34,   0.967,    51,  0.987,    40,  0.987,    45, 0.0197,   7, 1.0366, 0.6300, 1.0600, 
344, 0.987,    32, 0.973,    52,   0.973,    38,  0.973,    37,  0.993,    46, 0.0194,   7, 1.0366, 0.7600, 1.0200, 
345, 0.973,    35, 0.987,    38,   0.993,    37,  0.960,    33,  0.980,    54, 0.0197,   7, 1.0366, 0.7600, 1.0333, 
346, 0.993,    37, 0.967,    51,   0.987,    31,  0.973,    36,  0.960,    40, 0.0199,   7, 1.0366, 0.7600, 1.0466, 
347, 0.987,    36, 0.987,    36,   0.987,    32,  0.980,    38,  0.987,    33, 0.0196,   7, 1.0366, 0.7600, 1.0600, 
348, 0.973,    64, 0.987,    39,   0.973,    32,  0.987,    35,  0.973,    42, 0.0199,   7, 1.0366, 0.9000, 1.0200, 
349, 0.947,    36, 0.987,    41,   0.987,    39,  0.980,    40,  0.940,    46, 0.0195,   7, 1.0366, 0.9000, 1.0333, 
350, 0.953,    52, 0.987,    47,   0.980,    53,  0.987,    40,  0.987,    33, 0.0199,   7, 1.0366, 0.9000, 1.0466, 
351, 0.987,    31, 0.967,    40,   0.967,    47,  0.987,    48,  0.973,    53, 0.0193,   7, 1.0366, 0.9000, 1.0600, 
352, 0.973,    51, 0.987,    43,   0.987,    34,  0.980,    40,  0.973,    37, 0.0199,   7, 1.0633, 0.5000, 1.0200, 
353, 0.953,    37, 0.987,    29,   0.960,    36,  0.987,    50,  0.973,    41, 0.0194,   7, 1.0633, 0.5000, 1.0333, 
354, 0.953,    40, 0.993,    34,   0.993,    35,  0.973,    41,  0.973,    46, 0.0198,   7, 1.0633, 0.5000, 1.0466, 
355, 0.993,    43, 0.987,    42,   1.000,    43,  0.980,    45,  0.987,    38, 0.0198,   7, 1.0633, 0.5000, 1.0600, 
356, 0.980,    30, 0.987,    45,   0.960,    46,  0.980,    41,  0.973,    48, 0.0199,   7, 1.0633, 0.6300, 1.0200, 
357, 0.967,    44, 0.973,    33,   0.980,    34,  0.973,    31,  0.940,    33, 0.0200,   7, 1.0633, 0.6300, 1.0333, 
358, 0.967,    28, 1.000,    41,   0.967,    83,  0.980,    37,  0.960,    47, 0.0195,   7, 1.0633, 0.6300, 1.0466, 
359, 0.980,    34, 0.960,    49,   0.987,    43,  0.993,    36,  0.940,    36, 0.0198,   7, 1.0633, 0.6300, 1.0600, 
360, 0.980,    42, 0.980,    44,   0.987,    35,  0.967,    40,  0.953,    43, 0.0192,   7, 1.0633, 0.7600, 1.0200, 
361, 0.973,    36, 0.940,    44,   0.980,    40,  0.980,    40,  0.973,    56, 0.0200,   7, 1.0633, 0.7600, 1.0333, 
362, 0.933,    47, 0.980,    34,   0.960,    36,  0.960,    51,  0.973,    42, 0.0198,   7, 1.0633, 0.7600, 1.0466, 
363, 0.993,    59, 0.980,    33,   0.960,    40,  0.987,    44,  0.967,    44, 0.0194,   7, 1.0633, 0.7600, 1.0600, 
364, 0.993,    37, 1.000,    40,   0.980,    43,  0.973,    33,  0.987,    36, 0.0197,   7, 1.0633, 0.9000, 1.0200, 
365, 0.967,    31, 0.993,    35,   0.987,    34,  0.980,    29,  0.980,    45, 0.0195,   7, 1.0633, 0.9000, 1.0333, 
366, 0.980,    48, 0.973,    47,   0.993,    35,  0.987,    50,  0.987,    40, 0.0197,   7, 1.0633, 0.9000, 1.0466, 
367, 0.980,    30, 0.980,    33,   0.987,    31,  0.993,    32,  0.980,    41, 0.0198,   7, 1.0633, 0.9000, 1.0600, 
368, 0.980,    38, 0.967,    49,   0.993,    39,  0.980,    44,  0.980,    48, 0.0198,   7, 1.0900, 0.5000, 1.0200, 
369, 0.960,    28, 0.967,    49,   0.973,    30,  0.973,    49,  0.960,    36, 0.0197,   7, 1.0900, 0.5000, 1.0333, 
370, 0.960,    43, 0.980,    40,   0.973,    48,  0.987,    44,  0.980,    49, 0.0192,   7, 1.0900, 0.5000, 1.0466, 
371, 0.940,    39, 0.987,    34,   0.967,    44,  0.973,    33,  0.967,    37, 0.0196,   7, 1.0900, 0.5000, 1.0600, 
372, 0.980,    30, 0.973,    41,   0.967,    34,  0.967,    44,  0.967,    42, 0.0198,   7, 1.0900, 0.6300, 1.0200, 
373, 0.980,    43, 0.967,    39,   0.947,    38,  0.980,    39,  0.967,    39, 0.0198,   7, 1.0900, 0.6300, 1.0333, 
374, 0.980,    34, 0.967,    36,   0.973,    62,  0.987,    32,  0.980,    38, 0.0193,   7, 1.0900, 0.6300, 1.0466, 
375, 0.973,    42, 0.967,    31,   0.973,    35,  0.967,    38,  0.980,    36, 0.0192,   7, 1.0900, 0.6300, 1.0600, 
376, 0.960,    38, 0.973,    35,   0.967,    39,  0.987,    38,  0.980,    43, 0.0198,   7, 1.0900, 0.7600, 1.0200, 
377, 0.987,    55, 0.967,    44,   0.967,    47,  0.967,    58,  0.960,    41, 0.0200,   7, 1.0900, 0.7600, 1.0333, 
378, 0.980,    40, 0.973,    45,   0.987,    40,  0.993,    37,  0.960,    48, 0.0198,   7, 1.0900, 0.7600, 1.0466, 
379, 0.947,    32, 0.967,    46,   0.940,    36,  0.973,    41,  0.973,    43, 0.0195,   7, 1.0900, 0.7600, 1.0600, 
380, 0.980,    33, 0.987,    47,   0.987,    36,  0.953,    47,  0.973,    41, 0.0194,   7, 1.0900, 0.9000, 1.0200, 
381, 0.987,    34, 0.960,    34,   0.973,    37,  0.953,    44,  0.993,    35, 0.0198,   7, 1.0900, 0.9000, 1.0333, 
382, 0.967,    36, 0.973,    39,   0.973,    29,  0.967,    48,  0.953,    50, 0.0197,   7, 1.0900, 0.9000, 1.0466, 
383, 0.980,    42, 0.980,    37,   0.960,    42,  0.920,    46,  0.980,    34, 0.0200,   7, 1.0900, 0.9000, 1.0600, 
384, 0.993,    40, 0.980,    40,   0.980,    32,  0.987,    34,  0.993,    38, 0.0196,   8, 1.0100, 0.5000, 1.0200, 
385, 0.993,    33, 0.980,    38,   0.987,    47,  0.987,    35,  0.967,    52, 0.0194,   8, 1.0100, 0.5000, 1.0333, 
386, 0.980,    42, 0.987,    44,   0.980,    33,  0.980,    33,  0.947,    43, 0.0196,   8, 1.0100, 0.5000, 1.0466, 
387, 0.967,    46, 0.973,    42,   0.973,    59,  0.967,    43,  0.987,    42, 0.0199,   8, 1.0100, 0.5000, 1.0600, 
388, 0.973,    45, 0.980,    33,   0.973,    37,  0.993,    35,  0.980,    39, 0.0198,   8, 1.0100, 0.6300, 1.0200, 
389, 0.967,    40, 0.973,    39,   0.960,    75,  0.980,    43,  0.993,    42, 0.0200,   8, 1.0100, 0.6300, 1.0333, 
390, 0.973,    34, 0.987,    35,   0.967,    38,  0.987,    50,  0.980,    45, 0.0196,   8, 1.0100, 0.6300, 1.0466, 
391, 0.980,    35, 0.987,    35,   0.973,    38,  0.987,    38,  0.980,    58, 0.0197,   8, 1.0100, 0.6300, 1.0600, 
392, 0.960,    36, 0.967,    48,   0.993,    38,  0.980,    38,  0.980,    36, 0.0198,   8, 1.0100, 0.7600, 1.0200, 
393, 0.993,    32, 0.973,    38,   0.980,    37,  0.980,    44,  0.973,    44, 0.0198,   8, 1.0100, 0.7600, 1.0333, 
394, 0.967,    46, 0.973,    38,   1.000,    35,  0.987,    31,  0.973,    36, 0.0199,   8, 1.0100, 0.7600, 1.0466, 
395, 0.940,    33, 0.960,    57,   0.973,    41,  0.973,    83,  0.987,    47, 0.0196,   8, 1.0100, 0.7600, 1.0600, 
396, 0.973,    44, 0.967,    44,   0.973,    50,  0.987,    38,  0.973,    52, 0.0198,   8, 1.0100, 0.9000, 1.0200, 
397, 0.973,    44, 0.993,    36,   0.987,    39,  0.973,    45,  0.987,    45, 0.0198,   8, 1.0100, 0.9000, 1.0333, 
398, 0.993,    41, 0.980,    72,   0.973,    33,  0.973,    44,  0.987,    34, 0.0198,   8, 1.0100, 0.9000, 1.0466, 
399, 0.980,    40, 0.973,    42,   0.967,    46,  0.980,    57,  0.973,    51, 0.0198,   8, 1.0100, 0.9000, 1.0600, 
400, 0.987,    37, 0.973,    46,   0.987,    58,  0.973,    40,  0.987,    45, 0.0199,   8, 1.0366, 0.5000, 1.0200, 
401, 0.980,    44, 0.980,    33,   0.993,    36,  0.953,    48,  0.993,    36, 0.0198,   8, 1.0366, 0.5000, 1.0333, 
402, 0.973,    38, 0.973,    40,   0.973,    69,  0.987,    51,  0.987,    34, 0.0197,   8, 1.0366, 0.5000, 1.0466, 
403, 0.987,    48, 0.967,    54,   0.980,    35,  0.967,    37,  0.967,    38, 0.0200,   8, 1.0366, 0.5000, 1.0600, 
404, 0.973,    44, 0.980,    38,   0.980,    41,  0.973,    42,  0.987,    39, 0.0197,   8, 1.0366, 0.6300, 1.0200, 
405, 0.973,    28, 0.993,    40,   0.980,    32,  0.980,    44,  0.993,    39, 0.0199,   8, 1.0366, 0.6300, 1.0333, 
406, 0.960,    39, 0.980,    51,   0.973,    48,  0.980,    32,  0.980,    43, 0.0200,   8, 1.0366, 0.6300, 1.0466, 
407, 0.967,    41, 0.987,    37,   0.993,    41,  0.987,    35,  0.973,    76, 0.0199,   8, 1.0366, 0.6300, 1.0600, 
408, 0.960,    51, 0.987,    53,   0.987,    40,  0.987,    42,  0.993,    36, 0.0197,   8, 1.0366, 0.7600, 1.0200, 
409, 0.973,    42, 0.967,    44,   0.987,    40,  0.993,    31,  0.987,    42, 0.0198,   8, 1.0366, 0.7600, 1.0333, 
410, 0.980,    38, 0.993,    29,   0.980,    34,  0.987,    35,  0.987,    44, 0.0199,   8, 1.0366, 0.7600, 1.0466, 
411, 0.987,    42, 0.967,    31,   0.993,    31,  0.993,    35,  0.987,    53, 0.0196,   8, 1.0366, 0.7600, 1.0600, 
412, 0.980,    41, 0.973,    36,   0.973,    36,  0.987,    30,  0.987,    34, 0.0198,   8, 1.0366, 0.9000, 1.0200, 
413, 0.980,    37, 0.980,    40,   0.980,    57,  0.980,    39,  0.987,    43, 0.0198,   8, 1.0366, 0.9000, 1.0333, 
414, 0.980,    61, 0.993,    36,   0.973,    49,  0.980,    29,  0.960,    37, 0.0199,   8, 1.0366, 0.9000, 1.0466, 
415, 0.947,    34, 0.993,    34,   0.980,    41,  0.953,    36,  0.973,    40, 0.0196,   8, 1.0366, 0.9000, 1.0600, 
416, 0.980,    45, 0.960,    36,   0.987,    39,  0.980,    36,  0.980,    37, 0.0199,   8, 1.0633, 0.5000, 1.0200, 
417, 0.987,    36, 0.993,    38,   0.973,    42,  0.980,    42,  0.987,    37, 0.0196,   8, 1.0633, 0.5000, 1.0333, 
418, 0.967,    41, 0.993,    40,   0.980,    38,  0.980,    37,  0.973,    35, 0.0177,   8, 1.0633, 0.5000, 1.0466, 
419, 0.967,    38, 0.967,    31,   0.973,    46,  0.973,    43,  0.973,    31, 0.0197,   8, 1.0633, 0.5000, 1.0600, 
420, 0.980,    35, 0.973,    35,   0.980,    40,  0.973,    39,  0.960,    35, 0.0197,   8, 1.0633, 0.6300, 1.0200, 
421, 0.993,    35, 0.980,    39,   0.980,    36,  0.973,    38,  0.940,    52, 0.0197,   8, 1.0633, 0.6300, 1.0333, 
422, 0.973,    38, 0.980,    38,   0.993,    55,  0.980,    37,  0.980,    33, 0.0197,   8, 1.0633, 0.6300, 1.0466, 
423, 0.980,    36, 0.973,    43,   0.993,    35,  0.987,    35,  0.987,    36, 0.0199,   8, 1.0633, 0.6300, 1.0600, 
424, 0.967,    33, 0.993,    42,   0.987,    38,  0.967,    34,  0.987,    36, 0.0196,   8, 1.0633, 0.7600, 1.0200, 
425, 0.993,    41, 0.960,    39,   0.960,    48,  0.973,    36,  0.973,    39, 0.0198,   8, 1.0633, 0.7600, 1.0333, 
426, 0.973,    33, 0.993,    38,   0.980,    49,  0.973,    47,  0.980,    41, 0.0200,   8, 1.0633, 0.7600, 1.0466, 
427, 0.987,    39, 0.967,    40,   0.987,    38,  0.987,    43,  0.987,    32, 0.0193,   8, 1.0633, 0.7600, 1.0600, 
428, 0.973,    44, 0.987,    47,   0.973,    44,  0.973,    33,  0.973,    42, 0.0198,   8, 1.0633, 0.9000, 1.0200, 
429, 0.967,    36, 0.947,    54,   0.973,    38,  0.967,    45,  0.973,    42, 0.0197,   8, 1.0633, 0.9000, 1.0333, 
430, 0.987,    48, 0.993,    33,   0.980,    37,  0.973,    34,  0.973,    47, 0.0198,   8, 1.0633, 0.9000, 1.0466, 
431, 0.973,    32, 0.980,    35,   0.980,    46,  0.980,    45,  0.960,    40, 0.0197,   8, 1.0633, 0.9000, 1.0600, 
432, 0.967,    40, 0.987,    36,   0.973,    49,  0.987,    34,  0.980,    32, 0.0195,   8, 1.0900, 0.5000, 1.0200, 
433, 0.987,    35, 0.987,    33,   0.960,    47,  0.993,    40,  0.980,    53, 0.0197,   8, 1.0900, 0.5000, 1.0333, 
434, 0.980,    46, 0.980,    39,   0.960,    42,  0.960,    43,  0.980,    42, 0.0199,   8, 1.0900, 0.5000, 1.0466, 
435, 0.973,    44, 0.980,    32,   0.987,    36,  0.993,    30,  0.993,    28, 0.0197,   8, 1.0900, 0.5000, 1.0600, 
436, 0.987,    42, 0.947,    75,   0.980,    41,  0.973,    38,  0.987,    42, 0.0199,   8, 1.0900, 0.6300, 1.0200, 
437, 0.973,    65, 0.993,    29,   0.973,    37,  0.980,    38,  0.967,    36, 0.0196,   8, 1.0900, 0.6300, 1.0333, 
438, 0.967,    47, 0.987,    34,   0.973,    57,  0.987,    58,  0.973,    26, 0.0200,   8, 1.0900, 0.6300, 1.0466, 
439, 0.973,    51, 0.973,    67,   0.980,    53,  0.980,    31,  0.980,    31, 0.0197,   8, 1.0900, 0.6300, 1.0600, 
440, 0.967,    47, 0.967,    31,   0.980,    33,  0.987,    38,  0.980,    35, 0.0197,   8, 1.0900, 0.7600, 1.0200, 
441, 0.967,    40, 0.987,    35,   0.987,    27,  0.987,    53,  0.980,    52, 0.0197,   8, 1.0900, 0.7600, 1.0333, 
442, 0.967,    40, 0.987,    44,   0.980,    40,  0.967,    36,  0.987,    31, 0.0198,   8, 1.0900, 0.7600, 1.0466, 
443, 0.973,    47, 0.987,    39,   0.953,    43,  0.967,    34,  0.993,    47, 0.0199,   8, 1.0900, 0.7600, 1.0600, 
444, 0.980,    34, 0.947,    49,   0.973,    42,  0.980,    36,  0.980,    38, 0.0199,   8, 1.0900, 0.9000, 1.0200, 
445, 0.980,    43, 0.967,    56,   0.993,    31,  0.947,    41,  0.980,    54, 0.0199,   8, 1.0900, 0.9000, 1.0333, 
446, 0.973,    37, 0.973,    48,   0.960,    32,  0.960,    44,  0.967,    43, 0.0199,   8, 1.0900, 0.9000, 1.0466, 
447, 0.980,    37, 0.993,    36,   0.993,    36,  0.993,    32,  0.973,    37, 0.0194,   8, 1.0900, 0.9000, 1.0600, 
448, 0.973,    32, 0.967,    53,   0.967,    62,  0.973,    39,  0.960,    38, 0.0198,   9, 1.0100, 0.5000, 1.0200, 
449, 0.980,    52, 0.967,    42,   0.980,    36,  0.967,    40,  0.947,    54, 0.0200,   9, 1.0100, 0.5000, 1.0333, 
450, 0.993,    40, 0.993,    36,   0.980,    55,  0.953,    44,  0.980,    33, 0.0188,   9, 1.0100, 0.5000, 1.0466, 
451, 0.993,    32, 0.987,    38,   0.987,    35,  0.973,    42,  0.987,    36, 0.0199,   9, 1.0100, 0.5000, 1.0600, 
452, 0.973,    37, 0.980,    52,   0.993,    36,  0.987,    36,  0.993,    29, 0.0191,   9, 1.0100, 0.6300, 1.0200, 
453, 0.993,    36, 0.967,    54,   0.933,    38,  0.973,    46,  0.993,    40, 0.0197,   9, 1.0100, 0.6300, 1.0333, 
454, 0.987,    43, 0.993,    38,   0.973,    45,  0.953,    34,  0.973,    41, 0.0197,   9, 1.0100, 0.6300, 1.0466, 
455, 0.960,    38, 0.980,    41,   0.980,    41,  0.967,    37,  0.993,    38, 0.0199,   9, 1.0100, 0.6300, 1.0600, 
456, 0.967,    43, 0.987,    37,   1.000,    40,  0.987,    58,  0.980,    34, 0.0197,   9, 1.0100, 0.7600, 1.0200, 
457, 0.987,    41, 0.980,    41,   0.980,    30,  0.987,    43,  0.980,    40, 0.0198,   9, 1.0100, 0.7600, 1.0333, 
458, 0.993,    35, 0.987,    40,   0.980,    31,  0.987,    41,  0.987,    34, 0.0197,   9, 1.0100, 0.7600, 1.0466, 
459, 0.980,    48, 0.973,    46,   0.967,    49,  0.987,    52,  0.987,    38, 0.0200,   9, 1.0100, 0.7600, 1.0600, 
460, 0.967,    57, 0.987,    30,   0.973,    48,  0.980,    39,  0.987,    45, 0.0199,   9, 1.0100, 0.9000, 1.0200, 
461, 0.973,    41, 0.980,    45,   0.973,    89,  0.993,    40,  0.993,    46, 0.0198,   9, 1.0100, 0.9000, 1.0333, 
462, 0.980,    36, 0.980,    42,   0.973,    49,  0.980,    31,  0.987,    45, 0.0200,   9, 1.0100, 0.9000, 1.0466, 
463, 0.987,    33, 0.967,    35,   0.993,    34,  0.980,    39,  0.993,    39, 0.0198,   9, 1.0100, 0.9000, 1.0600, 
464, 0.987,    39, 0.987,    41,   0.993,    39,  0.953,    47,  0.973,    28, 0.0194,   9, 1.0366, 0.5000, 1.0200, 
465, 0.973,    32, 0.993,    43,   0.967,    78,  0.973,    42,  0.973,    37, 0.0195,   9, 1.0366, 0.5000, 1.0333, 
466, 0.967,    37, 0.993,    36,   0.980,    33,  0.987,    37,  0.993,    32, 0.0197,   9, 1.0366, 0.5000, 1.0466, 
467, 0.967,    47, 0.973,    42,   0.980,    65,  0.960,    32,  0.973,    28, 0.0199,   9, 1.0366, 0.5000, 1.0600, 
468, 0.980,    44, 0.993,    52,   0.967,    38,  0.987,    30,  0.980,    40, 0.0199,   9, 1.0366, 0.6300, 1.0200, 
469, 0.993,    36, 0.967,    38,   0.960,    42,  0.980,    37,  0.980,    39, 0.0190,   9, 1.0366, 0.6300, 1.0333, 
470, 0.967,    43, 0.980,    41,   0.967,    32,  0.980,    44,  0.973,    40, 0.0199,   9, 1.0366, 0.6300, 1.0466, 
471, 0.960,    42, 0.967,    52,   0.967,    53,  0.987,    48,  0.987,    37, 0.0198,   9, 1.0366, 0.6300, 1.0600, 
472, 0.980,    43, 0.967,    45,   0.987,    31,  0.993,    39,  0.980,    38, 0.0200,   9, 1.0366, 0.7600, 1.0200, 
473, 0.987,    35, 0.973,    36,   0.980,    30,  0.980,    41,  0.973,    31, 0.0194,   9, 1.0366, 0.7600, 1.0333, 
474, 0.973,    43, 0.973,    36,   0.967,    48,  0.980,    44,  0.973,    44, 0.0200,   9, 1.0366, 0.7600, 1.0466, 
475, 0.993,    54, 0.967,    41,   0.987,    43,  0.993,    36,  0.987,    43, 0.0194,   9, 1.0366, 0.7600, 1.0600, 
476, 0.973,    44, 0.987,    41,   0.967,    47,  0.980,    42,  0.973,    41, 0.0197,   9, 1.0366, 0.9000, 1.0200, 
477, 0.980,    34, 0.967,    90,   0.967,    48,  0.987,    31,  0.993,    38, 0.0194,   9, 1.0366, 0.9000, 1.0333, 
478, 0.980,    34, 0.973,    43,   0.993,    40,  0.960,    48,  0.973,    41, 0.0192,   9, 1.0366, 0.9000, 1.0466, 
479, 0.980,    40, 0.993,    49,   0.973,    36,  0.980,    35,  0.987,    35, 0.0198,   9, 1.0366, 0.9000, 1.0600, 
480, 0.967,    43, 0.973,    39,   0.987,    33,  0.993,    39,  0.973,    44, 0.0196,   9, 1.0633, 0.5000, 1.0200, 
481, 0.980,    47, 0.987,    33,   0.987,    32,  0.967,    49,  0.980,    39, 0.0195,   9, 1.0633, 0.5000, 1.0333, 
482, 0.980,    35, 0.973,    40,   0.967,    54,  0.980,    43,  0.967,    65, 0.0198,   9, 1.0633, 0.5000, 1.0466, 
483, 0.980,    30, 0.993,    34,   0.993,    37,  0.980,    47,  0.967,    42, 0.0199,   9, 1.0633, 0.5000, 1.0600, 
484, 0.973,    29, 0.993,    30,   0.987,    41,  0.980,    37,  0.960,    42, 0.0197,   9, 1.0633, 0.6300, 1.0200, 
485, 0.987,    34, 0.973,    41,   0.987,    39,  0.980,    30,  0.973,    35, 0.0197,   9, 1.0633, 0.6300, 1.0333, 
486, 0.980,    44, 0.980,    34,   0.993,    43,  0.980,    48,  0.993,    38, 0.0200,   9, 1.0633, 0.6300, 1.0466, 
487, 0.980,    30, 0.973,    37,   0.973,    40,  1.000,    28,  0.973,    39, 0.0198,   9, 1.0633, 0.6300, 1.0600, 
488, 0.993,    48, 0.987,    31,   0.980,    50,  0.973,    39,  0.960,    50, 0.0191,   9, 1.0633, 0.7600, 1.0200, 
489, 0.980,    52, 0.980,    48,   0.987,    38,  0.980,    32,  0.980,    52, 0.0199,   9, 1.0633, 0.7600, 1.0333, 
490, 0.980,    40, 0.980,    37,   0.967,    52,  0.993,    36,  0.980,    38, 0.0198,   9, 1.0633, 0.7600, 1.0466, 
491, 0.987,    35, 0.993,    48,   0.987,    31,  0.980,    34,  0.980,    57, 0.0198,   9, 1.0633, 0.7600, 1.0600, 
492, 0.980,    35, 0.973,    31,   0.993,    41,  0.993,    34,  0.967,    57, 0.0193,   9, 1.0633, 0.9000, 1.0200, 
493, 0.980,    66, 0.973,    70,   0.960,    39,  0.980,    41,  0.980,    48, 0.0199,   9, 1.0633, 0.9000, 1.0333, 
494, 0.987,    36, 0.993,    36,   0.973,    42,  0.973,    37,  0.980,    42, 0.0197,   9, 1.0633, 0.9000, 1.0466, 
495, 0.980,    45, 0.960,    38,   0.980,    38,  0.980,    38,  0.973,    44, 0.0200,   9, 1.0633, 0.9000, 1.0600, 
496, 0.973,    33, 0.980,    41,   0.987,    34,  0.980,    33,  0.960,    38, 0.0196,   9, 1.0900, 0.5000, 1.0200, 
497, 0.980,    36, 0.973,    31,   0.987,    32,  0.987,    38,  0.987,    42, 0.0198,   9, 1.0900, 0.5000, 1.0333, 
498, 0.967,    33, 0.967,    47,   0.980,    37,  0.967,    33,  0.987,    54, 0.0195,   9, 1.0900, 0.5000, 1.0466, 
499, 0.947,    32, 0.980,    42,   0.980,    44,  0.973,    33,  0.987,    40, 0.0197,   9, 1.0900, 0.5000, 1.0600, 
500, 0.980,    30, 0.987,    43,   0.987,    34,  0.953,    47,  0.993,    32, 0.0198,   9, 1.0900, 0.6300, 1.0200, 
501, 0.973,    40, 0.960,    42,   0.947,    34,  0.973,    39,  0.947,    47, 0.0195,   9, 1.0900, 0.6300, 1.0333, 
502, 0.967,    40, 0.980,    30,   0.980,    40,  0.987,    44,  0.967,    53, 0.0198,   9, 1.0900, 0.6300, 1.0466, 
503, 0.980,    39, 0.980,    40,   0.980,    39,  0.967,    31,  0.987,    37, 0.0197,   9, 1.0900, 0.6300, 1.0600, 
504, 0.980,    50, 0.980,    41,   0.973,    38,  0.980,    39,  0.987,    42, 0.0200,   9, 1.0900, 0.7600, 1.0200, 
505, 0.973,    49, 0.967,    25,   0.987,    39,  0.947,    37,  0.987,    41, 0.0199,   9, 1.0900, 0.7600, 1.0333, 
506, 0.973,    33, 0.987,    33,   0.980,    33,  0.987,    38,  0.980,    41, 0.0196,   9, 1.0900, 0.7600, 1.0466, 
507, 0.993,    33, 0.980,    38,   0.980,    42,  0.973,    37,  0.967,    42, 0.0190,   9, 1.0900, 0.7600, 1.0600, 
508, 0.960,    42, 0.980,    38,   0.980,    38,  0.973,    41,  0.993,    39, 0.0195,   9, 1.0900, 0.9000, 1.0200, 
509, 0.960,    37, 0.967,    57,   0.967,    54,  0.987,    50,  0.973,    43, 0.0197,   9, 1.0900, 0.9000, 1.0333, 
510, 0.980,    44, 0.947,    31,   0.987,    36,  0.967,    39,  0.973,    36, 0.0200,   9, 1.0900, 0.9000, 1.0466, 
511, 0.967,    44, 0.980,    47,   0.980,    40,  0.980,    45,  0.980,    45, 0.0199,   9, 1.0900, 0.9000, 1.0600, 
512, 0.980,    44, 0.987,    33,   0.980,    30,  0.980,    46,  0.960,    37, 0.0196,  15, 1.0100, 0.5000, 1.0200, 
513, 0.980,    44, 0.980,    45,   0.967,    41,  0.987,    46,  0.980,    42, 0.0200,  15, 1.0100, 0.5000, 1.0333, 
514, 0.973,    45, 0.973,    43,   0.973,    51,  0.973,    42,  0.980,    47, 0.0191,  15, 1.0100, 0.5000, 1.0466, 
515, 0.987,    34, 0.973,    47,   0.967,    41,  1.000,    41,  0.960,    34, 0.0196,  15, 1.0100, 0.5000, 1.0600, 
516, 0.987,    36, 0.993,    41,   0.960,    38,  0.993,    36,  0.993,    35, 0.0198,  15, 1.0100, 0.6300, 1.0200, 
517, 0.980,    45, 0.980,    38,   0.980,    46,  0.980,    40,  0.987,    38, 0.0199,  15, 1.0100, 0.6300, 1.0333, 
518, 0.980,    46, 0.993,    36,   0.973,    42,  0.980,    45,  0.973,    35, 0.0198,  15, 1.0100, 0.6300, 1.0466, 
519, 0.980,    41, 0.987,    40,   0.993,    40,  0.960,    39,  0.987,    39, 0.0192,  15, 1.0100, 0.6300, 1.0600, 
520, 0.987,    37, 0.987,    34,   0.980,    44,  0.973,    37,  0.980,    44, 0.0194,  15, 1.0100, 0.7600, 1.0200, 
521, 0.987,    43, 0.980,    44,   0.980,    48,  0.980,    41,  0.987,    42, 0.0198,  15, 1.0100, 0.7600, 1.0333, 
522, 0.973,    45, 0.973,    42,   0.987,    46,  0.973,    42,  0.973,    38, 0.0198,  15, 1.0100, 0.7600, 1.0466, 
523, 0.987,    34, 0.980,    38,   0.980,    35,  1.000,    44,  0.987,    39, 0.0199,  15, 1.0100, 0.7600, 1.0600, 
524, 0.987,    40, 0.980,    31,   0.980,    37,  0.987,    41,  0.980,    37, 0.0200,  15, 1.0100, 0.9000, 1.0200, 
525, 0.980,    38, 0.967,    49,   0.967,    39,  0.987,    39,  0.980,    44, 0.0200,  15, 1.0100, 0.9000, 1.0333, 
526, 0.973,    65, 0.973,    35,   0.987,    32,  0.980,    44,  0.993,    45, 0.0195,  15, 1.0100, 0.9000, 1.0466, 
527, 0.973,    30, 0.993,    35,   0.987,    44,  0.993,    38,  0.973,    47, 0.0196,  15, 1.0100, 0.9000, 1.0600, 
528, 0.973,    39, 0.973,    38,   0.980,    50,  0.987,    38,  0.973,    37, 0.0198,  15, 1.0366, 0.5000, 1.0200, 
529, 0.987,    37, 0.947,    34,   0.980,    38,  0.967,    40,  0.973,    39, 0.0197,  15, 1.0366, 0.5000, 1.0333, 
530, 0.987,    34, 0.973,    31,   0.987,    34,  0.967,    46,  0.987,    61, 0.0199,  15, 1.0366, 0.5000, 1.0466, 
531, 0.980,    60, 0.973,    48,   0.973,    31,  0.980,    43,  0.980,    41, 0.0196,  15, 1.0366, 0.5000, 1.0600, 
532, 0.973,    43, 0.987,    42,   0.973,    75,  0.967,    44,  1.000,    41, 0.0198,  15, 1.0366, 0.6300, 1.0200, 
533, 0.967,    45, 0.993,    40,   0.987,    36,  0.993,    33,  0.993,    43, 0.0189,  15, 1.0366, 0.6300, 1.0333, 
534, 0.980,    44, 0.973,    31,   0.993,    39,  0.980,    46,  0.967,    38, 0.0200,  15, 1.0366, 0.6300, 1.0466, 
535, 0.980,    39, 0.980,    41,   0.993,    33,  0.993,    35,  0.973,    39, 0.0193,  15, 1.0366, 0.6300, 1.0600, 
536, 0.973,    41, 0.987,    35,   0.980,    47,  0.987,    39,  0.967,    40, 0.0199,  15, 1.0366, 0.7600, 1.0200, 
537, 0.993,    35, 0.987,    40,   0.980,    53,  0.993,    34,  0.993,    32, 0.0197,  15, 1.0366, 0.7600, 1.0333, 
538, 0.973,    39, 0.987,    40,   0.987,    43,  0.980,    45,  0.987,    38, 0.0195,  15, 1.0366, 0.7600, 1.0466, 
539, 0.987,    34, 0.987,    47,   0.980,    38,  0.993,    42,  0.980,    36, 0.0200,  15, 1.0366, 0.7600, 1.0600, 
540, 0.993,    32, 0.987,    43,   0.967,    42,  0.967,    38,  0.987,    33, 0.0198,  15, 1.0366, 0.9000, 1.0200, 
541, 0.953,    35, 0.987,    32,   0.980,    39,  0.993,    44,  0.967,    47, 0.0200,  15, 1.0366, 0.9000, 1.0333, 
542, 0.993,    36, 0.987,    39,   0.993,    39,  0.973,    39,  0.980,    40, 0.0199,  15, 1.0366, 0.9000, 1.0466, 
543, 0.980,    38, 0.987,    47,   0.973,    41,  0.960,    56,  0.973,    41, 0.0197,  15, 1.0366, 0.9000, 1.0600, 
544, 0.973,    47, 0.980,    65,   0.980,    41,  0.993,    43,  0.987,    55, 0.0198,  15, 1.0633, 0.5000, 1.0200, 
545, 0.980,    42, 0.980,    40,   0.953,    43,  0.980,    49,  0.980,    39, 0.0197,  15, 1.0633, 0.5000, 1.0333, 
546, 0.993,    49, 0.987,    51,   0.973,    44,  0.987,    38,  0.993,    39, 0.0192,  15, 1.0633, 0.5000, 1.0466, 
547, 0.987,    37, 0.987,    34,   0.940,    39,  0.967,    47,  0.967,    40, 0.0194,  15, 1.0633, 0.5000, 1.0600, 
548, 0.980,    41, 0.987,    39,   0.993,    34,  0.973,    35,  0.993,    35, 0.0197,  15, 1.0633, 0.6300, 1.0200, 
549, 0.987,    37, 0.973,    33,   0.993,    47,  0.987,    38,  0.993,    34, 0.0199,  15, 1.0633, 0.6300, 1.0333, 
550, 0.987,    41, 0.980,    38,   0.987,    40,  0.967,    83,  0.980,    35, 0.0192,  15, 1.0633, 0.6300, 1.0466, 
551, 0.973,    44, 0.973,    38,   0.980,    32,  0.987,    41,  0.993,    39, 0.0199,  15, 1.0633, 0.6300, 1.0600, 
552, 0.973,    41, 0.973,    40,   0.987,    41,  0.980,    44,  0.980,    48, 0.0193,  15, 1.0633, 0.7600, 1.0200, 
553, 0.987,    36, 0.960,    34,   0.987,    32,  0.953,    41,  0.987,    42, 0.0193,  15, 1.0633, 0.7600, 1.0333, 
554, 0.980,    42, 0.980,    38,   0.987,    53,  0.987,    33,  0.973,    56, 0.0199,  15, 1.0633, 0.7600, 1.0466, 
555, 0.967,    44, 0.993,    40,   0.987,    39,  0.993,    33,  0.980,    39, 0.0199,  15, 1.0633, 0.7600, 1.0600, 
556, 0.980,    42, 0.987,    39,   0.973,    38,  0.973,    32,  0.980,    32, 0.0199,  15, 1.0633, 0.9000, 1.0200, 
557, 0.987,    36, 0.973,    45,   0.980,    37,  0.987,    41,  0.987,    44, 0.0200,  15, 1.0633, 0.9000, 1.0333, 
558, 0.980,    38, 0.987,    36,   0.987,    43,  0.987,    39,  0.987,    36, 0.0189,  15, 1.0633, 0.9000, 1.0466, 
559, 0.980,    48, 0.973,    32,   0.980,    38,  0.973,    48,  0.993,    36, 0.0199,  15, 1.0633, 0.9000, 1.0600, 
560, 0.980,    41, 0.987,    42,   0.987,    37,  0.960,    42,  0.987,    42, 0.0198,  15, 1.0900, 0.5000, 1.0200, 
561, 0.980,    48, 0.987,    41,   0.980,    37,  0.980,    35,  0.980,    36, 0.0198,  15, 1.0900, 0.5000, 1.0333, 
562, 0.973,    40, 0.980,    43,   0.993,    40,  0.973,    34,  0.967,    36, 0.0199,  15, 1.0900, 0.5000, 1.0466, 
563, 0.987,    36, 0.980,    36,   0.973,    49,  0.980,    39,  0.980,    50, 0.0199,  15, 1.0900, 0.5000, 1.0600, 
564, 0.987,    49, 0.980,    41,   0.987,    35,  0.987,    34,  0.967,    41, 0.0189,  15, 1.0900, 0.6300, 1.0200, 
565, 0.973,    44, 0.967,    41,   0.980,    37,  0.993,    36,  0.993,    38, 0.0195,  15, 1.0900, 0.6300, 1.0333, 
566, 0.973,    39, 0.973,    38,   0.987,    36,  0.973,    42,  0.987,    36, 0.0199,  15, 1.0900, 0.6300, 1.0466, 
567, 0.967,    36, 0.973,    42,   0.987,    41,  0.973,    33,  0.980,    28, 0.0199,  15, 1.0900, 0.6300, 1.0600, 
568, 0.987,    42, 0.980,    31,   0.993,    37,  0.980,    43,  0.980,    32, 0.0198,  15, 1.0900, 0.7600, 1.0200, 
569, 0.987,    44, 0.987,    42,   0.993,    34,  0.980,    72,  0.987,    40, 0.0194,  15, 1.0900, 0.7600, 1.0333, 
570, 0.980,    42, 0.980,    39,   0.987,    35,  0.987,    40,  0.980,    40, 0.0193,  15, 1.0900, 0.7600, 1.0466, 
571, 0.973,    62, 0.987,    42,   0.993,    37,  0.967,    40,  0.987,    39, 0.0194,  15, 1.0900, 0.7600, 1.0600, 
572, 0.980,    38, 0.980,    34,   0.987,    41,  0.960,    36,  0.987,    32, 0.0199,  15, 1.0900, 0.9000, 1.0200, 
573, 0.993,    35, 0.993,    39,   0.993,    39,  0.987,    33,  0.967,    48, 0.0200,  15, 1.0900, 0.9000, 1.0333, 
574, 0.987,    42, 0.980,    41,   0.993,    41,  0.987,    45,  0.987,    42, 0.0200,  15, 1.0900, 0.9000, 1.0466, 
575, 0.980,    40, 0.993,    30,   0.973,    41,  0.967,    52,  0.993,    45, 0.0190,  15, 1.0900, 0.9000, 1.0600, 