  0, 0.947,    34,   0.947,    35,    0.947,    43,    0.980,    19,     0.960,    41,     0.0396,   2, 1.0100, 0.5000, 1.0200,
  1, 0.960,    45,   0.960,    27,    0.953,    24,    0.933,    22,     0.913,    29,     0.0398,   2, 1.0100, 0.5000, 1.0333,
  2, 0.967,    19,   0.960,    32,    0.953,    47,    0.980,    36,     0.940,    25,     0.0386,   2, 1.0100, 0.5000, 1.0466,
  3, 0.980,    84,   0.973,    58,    0.973,    26,    0.953,    42,     0.967,    21,     0.0398,   2, 1.0100, 0.5000, 1.0600,
  4, 0.933,    19,   0.933,    22,    0.973,    61,    0.940,    17,     0.960,    23,     0.0390,   2, 1.0100, 0.6300, 1.0200,
  5, 0.947,    32,   0.960,    30,    0.967,    52,    0.947,    33,     0.973,    26,     0.0362,   2, 1.0100, 0.6300, 1.0333,
  6, 0.987,    44,   0.953,    35,    0.920,    30,    0.933,    24,     0.967,    23,     0.0399,   2, 1.0100, 0.6300, 1.0466,
  7, 0.973,    37,   0.940,    25,    0.967,    23,    0.973,    33,     0.967,    48,     0.0392,   2, 1.0100, 0.6300, 1.0600,
  8, 0.913,    22,   0.973,    25,    0.987,    19,    0.947,    37,     0.913,    28,     0.0389,   2, 1.0100, 0.7600, 1.0200,
  9, 0.973,    32,   0.933,    43,    0.960,    34,    0.973,    27,     0.953,    48,     0.0397,   2, 1.0100, 0.7600, 1.0333,
 10, 0.947,    40,   0.953,    36,    0.973,    29,    0.900,    46,     0.980,    24,     0.0398,   2, 1.0100, 0.7600, 1.0466,
 11, 0.973,    24,   0.973,    39,    0.920,    25,    0.980,    19,     0.967,    31,     0.0389,   2, 1.0100, 0.7600, 1.0600,
 12, 0.953,    41,   0.980,    21,    0.947,    48,    0.947,    24,     0.920,    20,     0.0397,   2, 1.0100, 0.9000, 1.0200,
 13, 0.927,    20,   0.960,    26,    0.973,    39,    0.980,    44,     0.987,    57,     0.0378,   2, 1.0100, 0.9000, 1.0333,
 14, 0.973,    53,   0.967,    32,    0.933,    20,    0.947,   111,     0.967,    39,     0.0399,   2, 1.0100, 0.9000, 1.0466,
 15, 0.953,    23,   0.940,    20,    0.967,    33,    0.967,    19,     0.947,    28,     0.0400,   2, 1.0100, 0.9000, 1.0600,
 16, 0.967,    31,   0.960,   283,    0.960,    63,    0.940,    38,     0.967,    27,     0.0399,   2, 1.0366, 0.5000, 1.0200,
 17, 0.967,    28,   0.940,    27,    0.933,    16,    0.967,    49,     0.960,    42,     0.0376,   2, 1.0366, 0.5000, 1.0333,
 18, 0.953,    62,   0.973,    48,    0.920,    26,    0.947,    61,     0.953,    26,     0.0400,   2, 1.0366, 0.5000, 1.0466,
 19, 0.913,    50,   0.960,    36,    0.940,    33,    0.947,    31,     0.933,    37,     0.0394,   2, 1.0366, 0.5000, 1.0600,
 20, 0.927,    24,   0.933,    30,    0.960,    28,    0.973,    32,     0.987,    38,     0.0387,   2, 1.0366, 0.6300, 1.0200,
 21, 0.967,   168,   0.927,    17,    0.953,    57,    0.907,    73,     0.967,    37,     0.0400,   2, 1.0366, 0.6300, 1.0333,
 22, 0.953,    47,   0.980,    39,    0.973,    47,    0.953,    72,     0.960,    51,     0.0399,   2, 1.0366, 0.6300, 1.0466,
 23, 0.933,    18,   0.953,    38,    0.967,    30,    0.960,    27,     0.960,    37,     0.0377,   2, 1.0366, 0.6300, 1.0600,
 24, 0.947,    30,   0.927,    51,    0.933,    35,    0.960,    33,     0.960,   139,     0.0378,   2, 1.0366, 0.7600, 1.0200,
 25, 0.973,    54,   0.980,   269,    0.967,    43,    0.980,    19,     0.960,    23,     0.0392,   2, 1.0366, 0.7600, 1.0333,
 26, 0.967,    28,   0.967,    54,    0.940,    21,    0.967,    43,     0.980,    34,     0.0393,   2, 1.0366, 0.7600, 1.0466,
 27, 0.947,    25,   0.947,    25,    0.953,    50,    0.947,    30,     0.973,    61,     0.0377,   2, 1.0366, 0.7600, 1.0600,
 28, 0.973,    31,   0.940,    47,    0.947,    17,    0.920,    27,     0.947,    48,     0.0383,   2, 1.0366, 0.9000, 1.0200,
 29, 0.960,    31,   0.927,    33,    0.960,    71,    0.960,    30,     0.960,    38,     0.0390,   2, 1.0366, 0.9000, 1.0333,
 30, 0.953,    34,   0.953,    26,    0.967,    33,    0.933,    23,     0.913,    38,     0.0382,   2, 1.0366, 0.9000, 1.0466,
 31, 0.947,    20,   0.967,    19,    0.953,    25,    0.960,    85,     0.973,    34,     0.0393,   2, 1.0366, 0.9000, 1.0600,
 32, 0.973,    31,   0.967,    39,    0.953,    26,    0.940,    28,     0.973,    44,     0.0392,   2, 1.0633, 0.5000, 1.0200,
 33, 0.927,    99,   0.953,    31,    0.953,    36,    0.947,   321,     0.940,    21,     0.0339,   2, 1.0633, 0.5000, 1.0333,
 34, 0.927,    45,   0.973,   128,    0.987,    37,    0.940,    32,     0.967,    54,     0.0390,   2, 1.0633, 0.5000, 1.0466,
 35, 0.967,    25,   0.967,    33,    0.960,    45,    0.947,    27,     0.987,    52,     0.0361,   2, 1.0633, 0.5000, 1.0600,
 36, 0.960,    84,   0.960,    31,    0.967,    32,    0.927,    27,     0.940,    36,     0.0380,   2, 1.0633, 0.6300, 1.0200,
 37, 0.960,    27,   0.967,    24,    0.973,   326,    0.960,    45,     0.920,    58,     0.0400,   2, 1.0633, 0.6300, 1.0333,
 38, 0.920,   102,   0.967,    49,    0.927,    22,    0.973,    35,     0.960,    51,     0.0388,   2, 1.0633, 0.6300, 1.0466,
 39, 0.933,    25,   0.947,    45,    0.973,    34,    0.953,    28,     0.947,    17,     0.0388,   2, 1.0633, 0.6300, 1.0600,
 40, 0.947,    51,   0.953,    31,    0.907,    25,    0.987,    25,     0.940,    35,     0.0392,   2, 1.0633, 0.7600, 1.0200,
 41, 0.960,    31,   0.960,    57,    0.973,    31,    0.967,    47,     0.933,    21,     0.0398,   2, 1.0633, 0.7600, 1.0333,
 42, 0.980,    34,   0.987,    64,    0.960,    52,    0.960,    49,     0.967,    17,     0.0389,   2, 1.0633, 0.7600, 1.0466,
 43, 0.953,    39,   0.960,    34,    0.987,    56,    0.947,    26,     0.960,    25,     0.0382,   2, 1.0633, 0.7600, 1.0600,
 44, 0.940,    26,   0.967,    78,    0.913,   145,    0.967,    27,     0.947,    45,     0.0392,   2, 1.0633, 0.9000, 1.0200,
 45, 0.933,    34,   0.933,    20,    0.947,    41,    0.953,    59,     0.980,    60,     0.0396,   2, 1.0633, 0.9000, 1.0333,
 46, 0.933,    33,   0.987,    53,    0.947,    33,    0.973,    24,     0.947,    20,     0.0389,   2, 1.0633, 0.9000, 1.0466,
 47, 0.920,    37,   0.960,    24,    0.953,    26,    0.980,    33,     0.987,    31,     0.0393,   2, 1.0633, 0.9000, 1.0600,
 48, 0.933,    22,   0.953,    29,    0.960,    33,    0.933,    30,     0.940,    25,     0.0392,   2, 1.0900, 0.5000, 1.0200,
 49, 0.967,    42,   0.967,    29,    0.953,    20,    0.960,    37,     0.967,    65,     0.0396,   2, 1.0900, 0.5000, 1.0333,
 50, 0.907,    43,   0.940,    25,    0.940,    21,    0.973,    32,     0.953,    26,     0.0389,   2, 1.0900, 0.5000, 1.0466,
 51, 0.973,    21,   0.940,    21,    0.967,   253,    0.960,    38,     0.940,    38,     0.0393,   2, 1.0900, 0.5000, 1.0600,
 52, 0.967,    20,   0.947,    40,    0.947,    21,    0.953,    20,     0.933,    48,     0.0387,   2, 1.0900, 0.6300, 1.0200,
 53, 0.953,    18,   0.933,    20,    0.967,   834,    0.960,    28,     0.953,    68,     0.0391,   2, 1.0900, 0.6300, 1.0333,
 54, 0.987,    28,   0.960,    85,    0.973,    18,    0.967,    32,     0.973,    24,     0.0399,   2, 1.0900, 0.6300, 1.0466,
 55, 0.980,    24,   0.973,    22,    0.913,    25,    0.927,    18,     0.967,    72,     0.0400,   2, 1.0900, 0.6300, 1.0600,
 56, 0.967,    43,   0.947,    29,    0.967,    45,    0.960,    20,     0.933,    49,     0.0388,   2, 1.0900, 0.7600, 1.0200,
 57, 0.960,    64,   0.907,    36,    0.953,  2001,    0.967,    44,     0.980,    23,     0.0350,   2, 1.0900, 0.7600, 1.0333,
 58, 0.953,    47,   0.947,    24,    0.920,    31,    0.960,    29,     0.960,    18,     0.0396,   2, 1.0900, 0.7600, 1.0466,
 59, 0.927,    30,   0.953,    28,    0.960,    20,    0.960,    55,     0.960,    35,     0.0388,   2, 1.0900, 0.7600, 1.0600,
 60, 0.947,    19,   0.967,    42,    0.973,    47,    0.980,    42,     0.967,    32,     0.0394,   2, 1.0900, 0.9000, 1.0200,
 61, 0.960,    23,   0.927,    29,    0.947,    31,    0.973,    73,     0.953,    36,     0.0384,   2, 1.0900, 0.9000, 1.0333,
 62, 0.973,    50,   0.980,    41,    0.953,    64,    0.947,    27,     0.980,    63,     0.0390,   2, 1.0900, 0.9000, 1.0466,
 63, 0.967,    49,   0.960,    32,    0.960,    72,    0.973,    32,     0.960,    56,     0.0395,   2, 1.0900, 0.9000, 1.0600,
 64, 0.980,    22,   0.980,    14,    0.933,    22,    0.927,    21,     0.960,    24,     0.0369,   3, 1.0100, 0.5000, 1.0200,
 65, 0.960,    23,   0.960,    26,    0.980,    17,    0.973,    21,     0.947,    20,     0.0395,   3, 1.0100, 0.5000, 1.0333,
 66, 0.980,    23,   0.960,    30,    0.973,    30,    0.973,    20,     0.980,    49,     0.0399,   3, 1.0100, 0.5000, 1.0466,
 67, 0.947,    17,   0.933,    17,    0.960,    28,    0.967,    45,     0.967,    22,     0.0388,   3, 1.0100, 0.5000, 1.0600,
 68, 0.953,    20,   0.947,    23,    0.960,    20,    0.973,    22,     0.967,    37,     0.0386,   3, 1.0100, 0.6300, 1.0200,
 69, 0.960,    25,   0.947,    26,    0.947,    26,    0.953,    22,     0.967,    27,     0.0386,   3, 1.0100, 0.6300, 1.0333,
 70, 0.953,    25,   0.933,    17,    0.947,    20,    0.940,    23,     0.927,    19,     0.0396,   3, 1.0100, 0.6300, 1.0466,
 71, 0.980,    41,   0.960,    24,    0.973,    25,    0.973,    20,     0.947,    45,     0.0399,   3, 1.0100, 0.6300, 1.0600,
 72, 0.947,    23,   0.967,    20,    0.973,    35,    0.913,    34,     0.980,    56,     0.0388,   3, 1.0100, 0.7600, 1.0200,
 73, 0.940,    31,   0.973,    19,    0.927,    28,    0.960,    30,     0.960,    26,     0.0394,   3, 1.0100, 0.7600, 1.0333,
 74, 0.940,    23,   0.967,    19,    0.933,    17,    0.940,    24,     0.967,    21,     0.0389,   3, 1.0100, 0.7600, 1.0466,
 75, 0.967,    25,   0.960,    22,    0.960,    37,    0.973,    24,     0.987,    50,     0.0393,   3, 1.0100, 0.7600, 1.0600,
 76, 0.960,    18,   0.953,    28,    0.967,    18,    0.960,    19,     0.953,    40,     0.0397,   3, 1.0100, 0.9000, 1.0200,
 77, 0.967,    19,   0.967,    21,    0.967,    20,    0.967,    26,     0.967,    37,     0.0386,   3, 1.0100, 0.9000, 1.0333,
 78, 0.920,    18,   0.973,    24,    0.980,    21,    0.940,    22,     0.940,    16,     0.0388,   3, 1.0100, 0.9000, 1.0466,
 79, 0.967,    40,   0.940,    30,    0.973,    31,    0.973,    17,     0.967,    33,     0.0400,   3, 1.0100, 0.9000, 1.0600,
 80, 0.967,    27,   0.973,    23,    0.920,    24,    0.973,    16,     0.913,    24,     0.0395,   3, 1.0366, 0.5000, 1.0200,
 81, 0.960,    19,   0.953,    24,    0.933,    25,    0.953,    19,     0.947,    28,     0.0400,   3, 1.0366, 0.5000, 1.0333,
 82, 0.973,    32,   0.967,    45,    0.987,    20,    0.973,    35,     0.940,    16,     0.0396,   3, 1.0366, 0.5000, 1.0466,
 83, 0.947,    19,   0.987,    42,    0.947,    18,    0.953,    37,     0.960,    21,     0.0391,   3, 1.0366, 0.5000, 1.0600,
 84, 0.967,    18,   0.967,    23,    0.967,    28,    0.967,    20,     0.947,    25,     0.0383,   3, 1.0366, 0.6300, 1.0200,
 85, 0.967,    21,   0.980,    23,    0.973,    23,    0.967,    22,     0.960,    20,     0.0381,   3, 1.0366, 0.6300, 1.0333,
 86, 0.953,    33,   0.953,    28,    0.940,    37,    0.980,    19,     0.947,    16,     0.0365,   3, 1.0366, 0.6300, 1.0466,
 87, 0.927,    39,   0.960,    23,    0.973,    30,    0.947,    20,     0.933,    16,     0.0382,   3, 1.0366, 0.6300, 1.0600,
 88, 0.907,    24,   0.960,    31,    0.920,    24,    0.973,    30,     0.960,    18,     0.0400,   3, 1.0366, 0.7600, 1.0200,
 89, 0.973,    30,   0.973,    18,    0.960,    16,    0.960,    67,     0.980,    25,     0.0396,   3, 1.0366, 0.7600, 1.0333,
 90, 0.960,    23,   0.980,    18,    0.987,    32,    0.960,    18,     0.940,    19,     0.0379,   3, 1.0366, 0.7600, 1.0466,
 91, 0.967,    28,   0.967,    15,    0.953,    19,    0.973,    36,     0.987,    27,     0.0396,   3, 1.0366, 0.7600, 1.0600,
 92, 0.980,    21,   0.960,    36,    0.973,    30,    0.967,    27,     0.960,    26,     0.0375,   3, 1.0366, 0.9000, 1.0200,
 93, 0.953,    16,   0.947,    18,    0.980,    15,    0.973,    20,     0.953,    31,     0.0383,   3, 1.0366, 0.9000, 1.0333,
 94, 0.940,    24,   0.940,    30,    0.967,    25,    0.960,    20,     0.967,    18,     0.0380,   3, 1.0366, 0.9000, 1.0466,
 95, 0.973,    37,   0.973,    17,    0.960,    24,    0.940,    35,     0.973,    16,     0.0363,   3, 1.0366, 0.9000, 1.0600,
 96, 0.947,    20,   0.940,    19,    0.940,    37,    0.973,    41,     0.967,    19,     0.0399,   3, 1.0633, 0.5000, 1.0200,
 97, 0.967,    32,   0.967,    25,    0.947,    53,    0.960,    21,     0.967,    25,     0.0300,   3, 1.0633, 0.5000, 1.0333,
 98, 0.973,    38,   0.973,    24,    0.973,    29,    0.973,    21,     0.960,    27,     0.0373,   3, 1.0633, 0.5000, 1.0466,
 99, 0.953,    18,   0.953,    21,    0.967,    20,    0.973,    33,     0.973,    31,     0.0384,   3, 1.0633, 0.5000, 1.0600,
100, 0.960,    26,   0.980,    20,    0.953,    23,    0.967,    21,     0.973,    25,     0.0393,   3, 1.0633, 0.6300, 1.0200,
101, 0.973,    21,   0.913,    36,    0.953,    19,    0.973,    30,     0.953,    20,     0.0395,   3, 1.0633, 0.6300, 1.0333,
102, 0.947,    23,   0.940,    23,    0.967,    16,    0.920,    20,     0.953,    22,     0.0395,   3, 1.0633, 0.6300, 1.0466,
103, 0.953,    16,   0.953,    19,    0.973,    27,    0.920,    18,     0.973,    20,     0.0395,   3, 1.0633, 0.6300, 1.0600,
104, 0.940,    21,   0.940,    47,    0.953,    40,    0.973,    22,     0.967,    28,     0.0388,   3, 1.0633, 0.7600, 1.0200,
105, 0.967,    19,   0.980,    29,    0.967,    22,    0.967,    17,     0.947,    28,     0.0379,   3, 1.0633, 0.7600, 1.0333,
106, 0.973,    22,   0.947,    30,    0.973,    21,    0.960,    38,     0.953,    42,     0.0388,   3, 1.0633, 0.7600, 1.0466,
107, 0.933,    28,   0.973,    66,    0.967,    34,    0.953,    69,     0.980,    31,     0.0397,   3, 1.0633, 0.7600, 1.0600,
108, 0.973,    17,   0.973,    24,    0.947,    33,    0.953,    26,     0.960,    23,     0.0394,   3, 1.0633, 0.9000, 1.0200,
109, 0.987,    20,   0.980,    14,    0.980,    16,    0.987,    32,     0.920,    22,     0.0359,   3, 1.0633, 0.9000, 1.0333,
110, 0.987,    19,   0.913,    22,    0.973,    23,    0.927,    18,     0.947,    19,     0.0399,   3, 1.0633, 0.9000, 1.0466,
111, 0.967,    22,   0.953,    35,    0.960,    58,    0.947,    17,     0.987,    23,     0.0378,   3, 1.0633, 0.9000, 1.0600,
112, 0.973,    34,   0.960,    42,    0.960,    17,    0.927,    30,     0.973,    26,     0.0400,   3, 1.0900, 0.5000, 1.0200,
113, 0.987,    24,   0.987,    19,    0.953,    20,    0.913,    20,     0.960,    19,     0.0394,   3, 1.0900, 0.5000, 1.0333,
114, 0.980,    30,   0.987,    24,    0.913,    27,    0.967,    16,     0.947,    35,     0.0384,   3, 1.0900, 0.5000, 1.0466,
115, 0.960,    48,   0.940,    20,    0.993,    25,    0.973,    37,     0.940,    18,     0.0390,   3, 1.0900, 0.5000, 1.0600,
116, 0.980,    17,   0.993,    17,    0.947,    34,    0.960,    24,     0.953,    32,     0.0387,   3, 1.0900, 0.6300, 1.0200,
117, 0.973,    30,   0.980,    33,    0.993,    29,    0.947,    30,     0.953,    19,     0.0391,   3, 1.0900, 0.6300, 1.0333,
118, 0.987,    21,   0.953,    23,    0.953,    20,    0.933,    28,     0.960,    26,     0.0390,   3, 1.0900, 0.6300, 1.0466,
119, 0.940,    22,   0.973,    19,    0.913,    22,    0.967,    25,     0.980,    74,     0.0393,   3, 1.0900, 0.6300, 1.0600,
120, 0.987,    37,   0.947,    28,    0.960,    43,    0.953,    30,     0.967,    25,     0.0393,   3, 1.0900, 0.7600, 1.0200,
121, 0.933,    22,   0.947,    19,    0.973,    20,    0.987,    22,     0.960,    18,     0.0362,   3, 1.0900, 0.7600, 1.0333,
122, 0.913,    18,   0.960,    21,    0.980,    27,    0.967,    24,     0.980,    19,     0.0388,   3, 1.0900, 0.7600, 1.0466,
123, 0.960,    26,   0.973,    29,    0.960,    18,    0.947,    25,     0.940,    25,     0.0387,   3, 1.0900, 0.7600, 1.0600,
124, 0.973,    16,   0.973,    23,    0.967,    31,    0.960,    30,     0.920,    33,     0.0398,   3, 1.0900, 0.9000, 1.0200,
125, 0.980,    20,   0.980,    23,    0.940,    39,    0.907,    20,     0.933,    20,     0.0395,   3, 1.0900, 0.9000, 1.0333,
126, 0.980,    26,   0.953,    23,    0.980,    29,    0.967,    24,     0.967,    18,     0.0383,   3, 1.0900, 0.9000, 1.0466,
127, 0.987,    16,   0.960,    40,    0.933,    48,    0.980,    21,     0.940,    23,     0.0385,   3, 1.0900, 0.9000, 1.0600,
128, 0.933,    19,   0.960,    36,    0.973,    16,    0.933,    20,     0.980,    17,     0.0396,   4, 1.0100, 0.5000, 1.0200,
129, 0.927,    19,   0.973,    23,    0.980,    19,    0.940,    20,     0.933,    19,     0.0387,   4, 1.0100, 0.5000, 1.0333,
130, 0.953,    17,   0.980,    20,    0.973,    21,    0.973,    15,     0.967,    32,     0.0380,   4, 1.0100, 0.5000, 1.0466,
131, 0.967,    23,   0.953,    28,    0.967,    18,    0.973,    27,     0.967,    15,     0.0384,   4, 1.0100, 0.5000, 1.0600,
132, 0.967,    17,   0.920,    18,    0.973,    21,    0.973,    18,     0.967,    16,     0.0393,   4, 1.0100, 0.6300, 1.0200,
133, 0.933,    20,   0.967,    18,    0.973,    15,    0.960,    20,     0.933,    17,     0.0393,   4, 1.0100, 0.6300, 1.0333,
134, 0.953,    18,   0.940,    25,    0.953,    17,    0.927,    28,     0.953,    15,     0.0389,   4, 1.0100, 0.6300, 1.0466,
135, 0.973,    18,   0.973,    23,    0.960,    27,    0.967,    21,     0.947,    17,     0.0393,   4, 1.0100, 0.6300, 1.0600,
136, 0.980,    23,   0.947,    16,    0.967,    34,    0.973,    18,     0.987,    26,     0.0393,   4, 1.0100, 0.7600, 1.0200,
137, 0.973,    23,   0.973,    19,    0.967,    17,    0.967,    21,     0.973,    28,     0.0383,   4, 1.0100, 0.7600, 1.0333,
138, 0.993,    17,   0.973,    18,    0.967,    18,    0.933,    23,     0.940,    17,     0.0391,   4, 1.0100, 0.7600, 1.0466,
139, 0.953,    24,   0.960,    17,    0.987,    26,    0.973,    31,     0.967,    22,     0.0398,   4, 1.0100, 0.7600, 1.0600,
140, 0.980,    18,   0.980,    23,    0.960,    30,    0.953,    18,     0.967,    17,     0.0391,   4, 1.0100, 0.9000, 1.0200,
141, 0.973,    23,   0.913,    36,    0.940,    21,    0.960,    24,     0.980,    22,     0.0392,   4, 1.0100, 0.9000, 1.0333,
142, 0.953,    21,   0.973,    28,    0.980,    24,    0.980,    15,     0.973,    32,     0.0390,   4, 1.0100, 0.9000, 1.0466,
143, 0.980,    14,   0.967,    20,    0.960,    27,    0.980,    27,     0.933,    36,     0.0389,   4, 1.0100, 0.9000, 1.0600,
144, 0.973,    27,   0.953,    21,    0.947,    19,    0.960,    24,     0.967,    17,     0.0376,   4, 1.0366, 0.5000, 1.0200,
145, 0.960,    38,   0.967,    25,    0.960,    23,    0.973,    25,     0.973,    21,     0.0384,   4, 1.0366, 0.5000, 1.0333,
146, 0.947,    17,   0.980,    14,    0.967,    18,    0.960,    17,     0.980,    29,     0.0385,   4, 1.0366, 0.5000, 1.0466,
147, 0.973,    20,   0.960,    22,    0.980,    18,    0.980,    20,     0.980,    25,     0.0390,   4, 1.0366, 0.5000, 1.0600,
148, 0.953,    17,   0.973,    17,    0.987,    23,    0.987,    17,     0.960,    19,     0.0383,   4, 1.0366, 0.6300, 1.0200,
149, 0.973,    18,   0.980,    20,    0.960,    18,    0.967,    19,     0.960,    19,     0.0388,   4, 1.0366, 0.6300, 1.0333,
150, 0.973,    21,   0.987,    18,    0.967,    22,    0.967,    22,     0.967,    22,     0.0375,   4, 1.0366, 0.6300, 1.0466,
151, 0.967,    29,   0.960,    18,    0.973,    32,    0.973,    18,     0.980,    15,     0.0388,   4, 1.0366, 0.6300, 1.0600,
152, 0.980,    16,   0.973,    19,    0.940,    30,    0.960,    31,     0.980,    20,     0.0392,   4, 1.0366, 0.7600, 1.0200,
153, 0.973,    17,   0.973,    20,    0.967,    26,    0.967,    23,     0.940,    18,     0.0389,   4, 1.0366, 0.7600, 1.0333,
154, 0.927,    23,   0.967,    15,    0.960,    15,    0.953,    25,     0.973,    15,     0.0391,   4, 1.0366, 0.7600, 1.0466,
155, 0.967,    31,   0.980,    19,    0.987,    19,    0.960,    18,     0.967,    22,     0.0388,   4, 1.0366, 0.7600, 1.0600,
156, 0.940,    20,   0.927,    23,    0.967,    31,    0.973,    17,     0.960,    27,     0.0394,   4, 1.0366, 0.9000, 1.0200,
157, 0.973,    16,   0.953,    24,    0.973,    16,    0.967,    58,     0.980,    19,     0.0396,   4, 1.0366, 0.9000, 1.0333,
158, 0.960,    17,   0.953,    29,    0.953,    24,    0.967,    20,     0.980,    19,     0.0379,   4, 1.0366, 0.9000, 1.0466,
159, 0.980,    30,   0.940,    25,    0.987,    29,    0.973,    17,     0.960,    20,     0.0378,   4, 1.0366, 0.9000, 1.0600,
160, 0.987,    27,   0.960,    16,    0.967,    25,    0.973,    19,     0.940,    17,     0.0391,   4, 1.0633, 0.5000, 1.0200,
161, 0.973,    28,   0.960,    23,    0.960,    17,    0.967,    19,     0.947,    26,     0.0388,   4, 1.0633, 0.5000, 1.0333,
162, 0.973,    21,   0.980,    27,    0.967,    16,    0.993,    22,     0.947,    21,     0.0380,   4, 1.0633, 0.5000, 1.0466,
163, 0.967,    15,   0.973,    32,    0.960,    31,    0.973,    21,     0.960,    22,     0.0394,   4, 1.0633, 0.5000, 1.0600,
164, 0.947,    18,   0.933,    24,    0.987,    20,    0.953,    50,     0.933,    20,     0.0400,   4, 1.0633, 0.6300, 1.0200,
165, 0.980,    22,   0.980,    21,    0.980,    19,    0.940,    18,     0.947,    16,     0.0388,   4, 1.0633, 0.6300, 1.0333,
166, 0.967,    16,   0.987,    21,    0.953,    16,    0.967,    23,     0.960,    18,     0.0386,   4, 1.0633, 0.6300, 1.0466,
167, 0.980,    21,   0.940,    15,    0.967,    20,    0.973,    21,     0.960,    15,     0.0400,   4, 1.0633, 0.6300, 1.0600,
168, 0.973,    19,   0.973,    18,    0.980,    16,    0.967,    19,     0.973,    76,     0.0396,   4, 1.0633, 0.7600, 1.0200,
169, 0.940,    29,   0.973,    22,    0.980,    20,    0.960,    22,     0.960,    18,     0.0393,   4, 1.0633, 0.7600, 1.0333,
170, 0.980,    20,   0.960,    15,    0.947,    18,    0.953,    19,     0.980,    21,     0.0394,   4, 1.0633, 0.7600, 1.0466,
171, 0.933,    35,   0.973,    21,    0.967,    42,    0.947,    18,     0.967,    16,     0.0398,   4, 1.0633, 0.7600, 1.0600,
172, 0.953,    31,   0.980,    23,    0.960,    19,    0.980,    19,     0.980,    24,     0.0398,   4, 1.0633, 0.9000, 1.0200,
173, 0.980,    15,   0.953,    14,    0.960,    18,    0.987,    19,     0.967,    18,     0.0397,   4, 1.0633, 0.9000, 1.0333,
174, 0.967,    19,   0.940,    23,    0.973,    16,    0.980,    34,     0.960,    22,     0.0395,   4, 1.0633, 0.9000, 1.0466,
175, 0.980,    17,   0.980,    15,    0.940,    18,    0.960,    20,     0.960,    28,     0.0399,   4, 1.0633, 0.9000, 1.0600,
176, 0.967,    18,   0.967,    15,    0.967,    15,    0.933,    17,     0.960,    19,     0.0383,   4, 1.0900, 0.5000, 1.0200,
177, 0.960,    26,   0.947,    27,    0.947,    18,    0.967,    17,     0.967,    22,     0.0360,   4, 1.0900, 0.5000, 1.0333,
178, 0.967,    34,   0.947,    32,    0.973,    21,    0.987,    18,     0.973,    18,     0.0396,   4, 1.0900, 0.5000, 1.0466,
179, 0.973,    22,   0.967,    19,    0.973,    37,    0.933,    30,     0.933,    25,     0.0389,   4, 1.0900, 0.5000, 1.0600,
180, 0.973,    20,   0.967,    19,    0.973,    14,    0.973,    18,     0.967,    17,     0.0396,   4, 1.0900, 0.6300, 1.0200,
181, 0.953,    19,   0.973,    19,    0.947,    19,    0.987,    16,     0.973,    17,     0.0399,   4, 1.0900, 0.6300, 1.0333,
182, 0.980,    17,   0.913,    28,    0.967,    21,    0.967,    14,     0.967,    17,     0.0395,   4, 1.0900, 0.6300, 1.0466,
183, 0.980,    25,   0.960,    16,    0.987,    29,    0.953,    18,     0.980,    27,     0.0385,   4, 1.0900, 0.6300, 1.0600,
184, 0.967,    19,   0.967,    24,    0.980,    22,    0.933,    21,     0.980,    20,     0.0384,   4, 1.0900, 0.7600, 1.0200,
185, 0.973,    17,   0.987,    23,    0.980,    18,    0.953,    24,     0.967,    22,     0.0388,   4, 1.0900, 0.7600, 1.0333,
186, 0.947,    19,   0.967,    22,    0.973,    28,    0.987,    18,     0.907,    21,     0.0396,   4, 1.0900, 0.7600, 1.0466,
187, 0.960,    21,   0.980,    20,    0.960,    44,    0.967,    17,     0.927,    17,     0.0376,   4, 1.0900, 0.7600, 1.0600,
188, 0.933,    20,   0.987,    18,    0.940,    17,    0.973,    17,     0.967,    15,     0.0384,   4, 1.0900, 0.9000, 1.0200,
189, 0.960,    16,   0.967,    21,    0.980,    27,    0.980,    16,     0.973,    23,     0.0383,   4, 1.0900, 0.9000, 1.0333,
190, 0.947,    31,   0.960,    21,    0.987,    18,    0.980,    21,     0.980,    22,     0.0397,   4, 1.0900, 0.9000, 1.0466,
191, 0.980,    18,   0.987,    31,    0.973,    24,    0.940,    22,     0.987,    16,     0.0382,   4, 1.0900, 0.9000, 1.0600,
192, 0.973,    18,   0.987,    23,    0.953,    19,    0.980,    17,     0.980,    15,     0.0399,   5, 1.0100, 0.5000, 1.0200,
193, 0.987,    26,   0.980,    19,    0.960,    22,    0.973,    18,     0.940,    20,     0.0395,   5, 1.0100, 0.5000, 1.0333,
194, 0.973,    17,   0.980,    20,    0.973,    17,    0.987,    17,     0.953,    17,     0.0398,   5, 1.0100, 0.5000, 1.0466,
195, 0.933,    19,   0.987,    18,    0.960,    16,    0.980,    18,     0.980,    16,     0.0399,   5, 1.0100, 0.5000, 1.0600,
196, 0.967,    19,   0.967,    15,    0.960,    17,    0.987,    17,     0.960,    20,     0.0388,   5, 1.0100, 0.6300, 1.0200,
197, 0.953,    19,   0.980,    21,    0.980,    17,    0.973,    21,     0.953,    15,     0.0391,   5, 1.0100, 0.6300, 1.0333,
198, 0.980,    21,   0.967,    15,    0.980,    24,    0.947,    16,     0.973,    19,     0.0398,   5, 1.0100, 0.6300, 1.0466,
199, 0.980,    21,   0.980,    17,    0.967,    16,    0.967,    13,     0.973,    15,     0.0382,   5, 1.0100, 0.6300, 1.0600,
200, 0.920,    28,   0.967,    18,    0.967,    16,    0.940,    22,     0.973,    17,     0.0391,   5, 1.0100, 0.7600, 1.0200,
201, 0.973,    17,   0.980,    18,    0.973,    16,    0.973,    19,     0.940,    27,     0.0383,   5, 1.0100, 0.7600, 1.0333,
202, 0.980,    16,   0.980,    14,    0.973,    16,    0.973,    18,     0.967,    28,     0.0397,   5, 1.0100, 0.7600, 1.0466,
203, 0.987,    21,   0.973,    20,    0.980,    19,    0.960,    17,     0.973,    17,     0.0387,   5, 1.0100, 0.7600, 1.0600,
204, 0.980,    17,   0.973,    17,    0.987,    18,    0.947,    17,     0.980,    16,     0.0393,   5, 1.0100, 0.9000, 1.0200,
205, 0.987,    19,   0.980,    19,    0.967,    16,    0.980,    19,     0.967,    18,     0.0375,   5, 1.0100, 0.9000, 1.0333,
206, 0.967,    21,   0.967,    16,    0.987,    19,    0.960,    19,     0.953,    17,     0.0390,   5, 1.0100, 0.9000, 1.0466,
207, 0.987,    20,   0.980,    16,    0.967,    16,    0.940,    15,     0.973,    18,     0.0397,   5, 1.0100, 0.9000, 1.0600,
208, 0.973,    24,   0.960,    19,    0.967,    20,    0.953,    19,     0.980,    16,     0.0384,   5, 1.0366, 0.5000, 1.0200,
209, 0.980,    17,   0.980,    21,    0.973,    21,    0.973,    17,     0.973,    16,     0.0386,   5, 1.0366, 0.5000, 1.0333,
210, 0.980,    20,   0.973,    20,    0.980,    18,    0.980,    15,     0.987,    16,     0.0387,   5, 1.0366, 0.5000, 1.0466,
211, 0.980,    19,   0.973,    19,    0.960,    15,    0.980,    22,     0.947,    19,     0.0383,   5, 1.0366, 0.5000, 1.0600,
212, 0.967,    21,   0.980,    24,    0.987,    20,    0.980,    17,     0.980,    18,     0.0391,   5, 1.0366, 0.6300, 1.0200,
213, 0.967,    22,   0.980,    21,    0.947,    20,    0.960,    20,     0.967,    18,     0.0387,   5, 1.0366, 0.6300, 1.0333,
214, 0.960,    17,   0.933,    16,    0.967,    20,    0.973,    18,     0.973,    16,     0.0386,   5, 1.0366, 0.6300, 1.0466,
215, 0.960,    15,   0.973,    20,    0.967,    18,    0.967,    18,     0.980,    17,     0.0392,   5, 1.0366, 0.6300, 1.0600,
216, 0.960,    19,   0.953,    18,    0.973,    27,    0.973,    17,     0.980,    17,     0.0390,   5, 1.0366, 0.7600, 1.0200,
217, 0.960,    20,   0.947,    17,    0.933,    17,    0.987,    14,     0.967,    20,     0.0397,   5, 1.0366, 0.7600, 1.0333,
218, 0.967,    21,   0.973,    18,    0.953,    16,    0.953,    23,     0.980,    25,     0.0397,   5, 1.0366, 0.7600, 1.0466,
219, 0.960,    18,   0.980,    18,    0.953,    21,    0.960,    25,     0.960,    37,     0.0391,   5, 1.0366, 0.7600, 1.0600,
220, 0.973,    25,   0.980,    19,    0.980,    17,    0.987,    16,     0.960,    19,     0.0392,   5, 1.0366, 0.9000, 1.0200,
221, 0.973,    19,   0.967,    18,    0.960,    24,    0.973,    24,     0.947,    23,     0.0395,   5, 1.0366, 0.9000, 1.0333,
222, 0.973,    18,   0.967,    19,    0.993,    25,    0.973,    13,     0.993,    22,     0.0399,   5, 1.0366, 0.9000, 1.0466,
223, 0.987,    21,   0.967,    20,    0.927,    18,    0.980,    17,     0.973,    17,     0.0398,   5, 1.0366, 0.9000, 1.0600,
224, 0.987,    15,   0.980,    14,    0.973,    16,    0.953,    16,     0.967,    18,     0.0382,   5, 1.0633, 0.5000, 1.0200,
225, 0.980,    22,   0.980,    18,    0.980,    17,    0.987,    18,     0.973,    20,     0.0391,   5, 1.0633, 0.5000, 1.0333,
226, 0.973,    22,   0.947,    17,    0.980,    20,    0.973,    20,     0.967,    18,     0.0377,   5, 1.0633, 0.5000, 1.0466,
227, 0.967,    20,   0.960,    17,    0.987,    17,    0.967,    15,     0.967,    22,     0.0396,   5, 1.0633, 0.5000, 1.0600,
228, 0.980,    19,   0.980,    21,    0.973,    25,    0.960,    20,     0.927,    25,     0.0381,   5, 1.0633, 0.6300, 1.0200,
229, 0.987,    20,   0.973,    17,    0.953,    18,    0.973,    18,     0.980,    31,     0.0400,   5, 1.0633, 0.6300, 1.0333,
230, 0.973,    17,   0.967,    16,    0.973,    19,    0.967,    19,     0.980,    16,     0.0399,   5, 1.0633, 0.6300, 1.0466,
231, 0.973,    22,   0.960,    14,    0.980,    21,    0.960,    23,     0.973,    21,     0.0382,   5, 1.0633, 0.6300, 1.0600,
232, 0.960,    20,   0.980,    16,    0.973,    22,    0.980,    21,     0.953,    14,     0.0390,   5, 1.0633, 0.7600, 1.0200,
233, 0.967,    20,   0.967,    23,    0.947,    17,    0.953,    24,     0.973,    17,     0.0399,   5, 1.0633, 0.7600, 1.0333,
234, 0.960,    20,   0.973,    16,    0.953,    17,    0.987,    17,     0.947,    22,     0.0399,   5, 1.0633, 0.7600, 1.0466,
235, 0.953,    18,   0.973,    18,    0.973,    17,    0.953,    17,     0.960,    19,     0.0394,   5, 1.0633, 0.7600, 1.0600,
236, 0.973,    21,   0.973,    15,    0.973,    23,    0.980,    17,     0.953,    16,     0.0391,   5, 1.0633, 0.9000, 1.0200,
237, 0.973,    18,   0.953,    21,    0.967,    16,    0.980,    17,     0.967,    23,     0.0387,   5, 1.0633, 0.9000, 1.0333,
238, 0.980,    19,   0.967,    16,    0.967,    22,    0.993,    18,     0.967,    21,     0.0387,   5, 1.0633, 0.9000, 1.0466,
239, 0.973,    18,   0.980,    25,    0.973,    24,    0.973,    25,     0.967,    17,     0.0399,   5, 1.0633, 0.9000, 1.0600,
240, 0.960,    21,   0.940,    25,    0.980,    26,    0.953,    20,     0.987,    26,     0.0386,   5, 1.0900, 0.5000, 1.0200,
241, 0.980,    16,   0.980,    15,    0.973,    20,    0.947,    17,     0.953,    18,     0.0390,   5, 1.0900, 0.5000, 1.0333,
242, 0.960,    15,   0.967,    24,    0.967,    19,    0.987,    18,     0.953,    17,     0.0390,   5, 1.0900, 0.5000, 1.0466,
243, 0.987,    15,   0.980,    17,    0.980,    17,    0.953,    18,     0.987,    18,     0.0396,   5, 1.0900, 0.5000, 1.0600,
244, 0.960,    18,   0.960,    18,    0.967,    26,    0.973,    22,     0.967,    22,     0.0383,   5, 1.0900, 0.6300, 1.0200,
245, 0.960,    21,   0.987,    18,    0.967,    21,    0.953,    16,     0.973,    20,     0.0399,   5, 1.0900, 0.6300, 1.0333,
246, 0.973,    20,   0.973,    20,    0.967,    17,    0.973,    22,     0.980,    18,     0.0390,   5, 1.0900, 0.6300, 1.0466,
247, 0.960,    32,   0.973,    17,    0.980,    22,    0.973,    18,     0.973,    21,     0.0387,   5, 1.0900, 0.6300, 1.0600,
248, 0.953,    19,   0.973,    16,    0.967,    17,    0.987,    21,     0.967,    15,     0.0381,   5, 1.0900, 0.7600, 1.0200,
249, 0.980,    16,   0.980,    28,    0.973,    17,    0.980,    19,     0.980,    20,     0.0393,   5, 1.0900, 0.7600, 1.0333,
250, 0.947,    18,   0.973,    16,    0.973,    19,    0.953,    18,     0.980,    17,     0.0396,   5, 1.0900, 0.7600, 1.0466,
251, 0.967,    18,   0.953,    20,    0.960,    19,    0.960,    22,     0.967,    17,     0.0397,   5, 1.0900, 0.7600, 1.0600,
252, 0.973,    16,   0.960,    19,    0.980,    16,    0.973,    20,     0.973,    16,     0.0397,   5, 1.0900, 0.9000, 1.0200,
253, 0.973,    19,   0.973,    29,    0.973,    15,    0.987,    23,     0.960,    21,     0.0400,   5, 1.0900, 0.9000, 1.0333,
254, 0.980,    19,   0.967,    20,    0.973,    18,    0.953,    15,     0.987,    25,     0.0391,   5, 1.0900, 0.9000, 1.0466,
255, 0.973,    16,   0.973,    18,    0.960,    19,    0.987,    14,     0.987,    17,     0.0390,   5, 1.0900, 0.9000, 1.0600,
256, 0.973,    18,   0.973,    17,    0.953,    23,    0.973,    21,     0.960,    16,     0.0388,   6, 1.0100, 0.5000, 1.0200,
257, 0.987,    15,   0.960,    15,    0.967,    18,    0.973,    19,     0.980,    17,     0.0386,   6, 1.0100, 0.5000, 1.0333,
258, 0.973,    20,   0.967,    15,    0.967,    17,    0.987,    17,     0.973,    15,     0.0390,   6, 1.0100, 0.5000, 1.0466,
259, 0.947,    16,   0.953,    18,    0.973,    16,    0.993,    18,     0.967,    18,     0.0388,   6, 1.0100, 0.5000, 1.0600,
260, 0.980,    17,   0.973,    18,    0.967,    18,    0.967,    17,     0.967,    21,     0.0390,   6, 1.0100, 0.6300, 1.0200,
261, 0.967,    16,   0.973,    20,    0.960,    23,    0.973,    15,     0.987,    17,     0.0398,   6, 1.0100, 0.6300, 1.0333,
262, 0.973,    19,   0.987,    18,    0.973,    26,    0.980,    18,     0.940,    19,     0.0398,   6, 1.0100, 0.6300, 1.0466,
263, 0.987,    16,   0.953,    19,    0.980,    25,    0.960,    18,     0.933,    19,     0.0384,   6, 1.0100, 0.6300, 1.0600,
264, 0.987,    18,   0.967,    19,    0.920,    21,    0.980,    19,     0.947,    19,     0.0391,   6, 1.0100, 0.7600, 1.0200,
265, 0.980,    14,   0.953,    16,    0.973,    16,    0.987,    18,     0.967,    17,     0.0378,   6, 1.0100, 0.7600, 1.0333,
266, 0.987,    18,   0.973,    29,    0.967,    15,    0.973,    18,     0.973,    21,     0.0396,   6, 1.0100, 0.7600, 1.0466,
267, 0.980,    29,   0.947,    23,    0.960,    18,    0.947,    26,     0.953,    20,     0.0399,   6, 1.0100, 0.7600, 1.0600,
268, 0.953,    16,   0.987,    17,    0.960,    15,    0.973,    22,     0.980,    16,     0.0400,   6, 1.0100, 0.9000, 1.0200,
269, 0.980,    31,   0.940,    20,    0.987,    23,    0.967,    17,     0.980,    20,     0.0299,   6, 1.0100, 0.9000, 1.0333,
270, 0.973,    17,   0.987,    17,    0.973,    15,    0.960,    16,     0.973,    18,     0.0394,   6, 1.0100, 0.9000, 1.0466,
271, 0.980,    16,   0.960,    19,    0.947,    18,    0.987,    31,     0.967,    18,     0.0387,   6, 1.0100, 0.9000, 1.0600,
272, 0.987,    22,   0.973,    19,    0.973,    18,    0.967,    26,     0.987,    21,     0.0369,   6, 1.0366, 0.5000, 1.0200,
273, 0.973,    15,   0.973,    17,    0.980,    18,    0.967,    17,     0.987,    21,     0.0398,   6, 1.0366, 0.5000, 1.0333,
274, 0.980,    18,   0.947,    21,    0.967,    16,    0.973,    18,     0.967,    19,     0.0394,   6, 1.0366, 0.5000, 1.0466,
275, 0.980,    21,   0.967,    31,    0.973,    19,    0.980,    16,     0.980,    19,     0.0394,   6, 1.0366, 0.5000, 1.0600,
276, 0.973,    17,   0.973,    18,    0.987,    21,    0.980,    19,     0.960,    20,     0.0386,   6, 1.0366, 0.6300, 1.0200,
277, 0.973,    26,   0.980,    24,    0.987,    17,    0.960,    23,     0.987,    15,     0.0398,   6, 1.0366, 0.6300, 1.0333,
278, 0.973,    23,   0.980,    16,    0.987,    26,    0.973,    18,     0.973,    17,     0.0391,   6, 1.0366, 0.6300, 1.0466,
279, 0.960,    22,   0.987,    16,    0.980,    16,    0.973,    19,     0.973,    15,     0.0379,   6, 1.0366, 0.6300, 1.0600,
280, 0.993,    26,   0.980,    16,    0.980,    20,    0.960,    15,     0.967,    17,     0.0389,   6, 1.0366, 0.7600, 1.0200,
281, 0.973,    19,   0.967,    16,    0.960,    17,    0.987,    18,     0.973,    21,     0.0396,   6, 1.0366, 0.7600, 1.0333,
282, 0.973,    18,   0.967,    22,    0.960,    20,    0.980,    15,     0.960,    25,     0.0390,   6, 1.0366, 0.7600, 1.0466,
283, 0.973,    16,   0.973,    18,    0.973,    16,    0.973,    24,     0.980,    22,     0.0393,   6, 1.0366, 0.7600, 1.0600,
284, 0.953,    16,   0.980,    15,    0.993,    22,    0.973,    19,     0.980,    21,     0.0391,   6, 1.0366, 0.9000, 1.0200,
285, 0.953,    20,   0.960,    16,    0.987,    17,    0.987,    16,     0.980,    17,     0.0390,   6, 1.0366, 0.9000, 1.0333,
286, 0.953,    20,   0.987,    17,    0.967,    17,    0.967,    15,     0.953,    23,     0.0393,   6, 1.0366, 0.9000, 1.0466,
287, 0.967,    17,   0.987,    21,    0.927,    22,    0.967,    23,     0.967,    18,     0.0395,   6, 1.0366, 0.9000, 1.0600,
288, 0.940,    14,   0.967,    19,    0.980,    15,    0.973,    32,     0.973,    20,     0.0400,   6, 1.0633, 0.5000, 1.0200,
289, 0.947,    17,   0.973,    14,    0.960,    21,    0.987,    22,     0.980,    18,     0.0383,   6, 1.0633, 0.5000, 1.0333,
290, 0.960,    18,   0.967,    18,    0.980,    15,    0.980,    22,     0.953,    20,     0.0400,   6, 1.0633, 0.5000, 1.0466,
291, 0.980,    19,   0.960,    21,    0.947,    17,    0.973,    19,     0.960,    17,     0.0392,   6, 1.0633, 0.5000, 1.0600,
292, 0.973,    16,   0.973,    21,    0.960,    18,    0.967,    19,     0.967,    17,     0.0379,   6, 1.0633, 0.6300, 1.0200,
293, 0.980,    18,   0.973,    17,    0.967,    21,    0.973,    15,     0.993,    17,     0.0389,   6, 1.0633, 0.6300, 1.0333,
294, 0.940,    18,   0.973,    20,    0.960,    22,    0.967,    17,     0.967,    15,     0.0399,   6, 1.0633, 0.6300, 1.0466,
295, 0.980,    24,   0.987,    23,    0.980,    17,    0.973,    26,     0.967,    19,     0.0389,   6, 1.0633, 0.6300, 1.0600,
296, 0.987,    20,   0.980,    14,    0.973,    16,    0.960,    21,     0.967,    18,     0.0394,   6, 1.0633, 0.7600, 1.0200,
297, 0.973,    14,   0.980,    19,    0.960,    15,    0.987,    27,     0.960,    17,     0.0398,   6, 1.0633, 0.7600, 1.0333,
298, 0.940,    23,   0.953,    15,    0.940,    21,    0.967,    22,     0.980,    19,     0.0376,   6, 1.0633, 0.7600, 1.0466,
299, 0.973,    15,   0.980,    25,    0.973,    20,    0.960,    18,     0.967,    18,     0.0384,   6, 1.0633, 0.7600, 1.0600,
300, 0.980,    14,   0.987,    25,    0.973,    18,    0.973,    17,     0.987,    24,     0.0386,   6, 1.0633, 0.9000, 1.0200,
301, 0.973,    27,   0.973,    16,    0.967,    22,    0.980,    18,     0.980,    14,     0.0395,   6, 1.0633, 0.9000, 1.0333,
302, 0.973,    18,   0.960,    22,    0.973,    20,    0.973,    14,     0.967,    17,     0.0383,   6, 1.0633, 0.9000, 1.0466,
303, 0.973,    20,   0.967,    21,    0.953,    18,    0.960,    17,     0.973,    16,     0.0398,   6, 1.0633, 0.9000, 1.0600,
304, 0.980,    16,   0.960,    21,    0.940,    21,    0.967,    15,     0.967,    21,     0.0391,   6, 1.0900, 0.5000, 1.0200,
305, 0.973,    19,   0.967,    17,    0.967,    17,    0.973,    16,     0.980,    16,     0.0386,   6, 1.0900, 0.5000, 1.0333,
306, 0.973,    25,   0.987,    19,    0.960,    19,    0.967,    16,     0.960,    30,     0.0385,   6, 1.0900, 0.5000, 1.0466,
307, 0.927,    16,   0.973,    22,    0.953,    19,    0.987,    25,     0.973,    17,     0.0393,   6, 1.0900, 0.5000, 1.0600,
308, 0.967,    15,   0.953,    19,    0.980,    28,    0.967,    17,     0.960,    17,     0.0381,   6, 1.0900, 0.6300, 1.0200,
309, 0.973,    18,   0.980,    16,    0.940,    20,    0.980,    22,     0.980,    17,     0.0396,   6, 1.0900, 0.6300, 1.0333,
310, 0.967,    17,   0.967,    13,    0.980,    18,    0.947,    18,     0.973,    16,     0.0385,   6, 1.0900, 0.6300, 1.0466,
311, 0.947,    14,   0.980,    15,    0.980,    16,    0.980,    23,     0.967,    18,     0.0399,   6, 1.0900, 0.6300, 1.0600,
312, 0.980,    17,   0.973,    14,    0.980,    21,    0.973,    19,     0.967,    18,     0.0399,   6, 1.0900, 0.7600, 1.0200,
313, 0.973,    18,   0.940,    17,    0.967,    17,    0.960,    16,     0.987,    15,     0.0388,   6, 1.0900, 0.7600, 1.0333,
314, 0.980,    20,   0.987,    16,    0.973,    19,    0.953,    20,     0.960,    16,     0.0387,   6, 1.0900, 0.7600, 1.0466,
315, 0.960,    18,   0.967,    15,    0.980,    20,    0.980,    16,     0.980,    29,     0.0389,   6, 1.0900, 0.7600, 1.0600,
316, 0.987,    21,   0.973,    16,    0.967,    20,    0.980,    29,     0.967,    20,     0.0382,   6, 1.0900, 0.9000, 1.0200,
317, 0.933,    21,   0.980,    20,    0.967,    18,    0.967,    19,     0.973,    21,     0.0382,   6, 1.0900, 0.9000, 1.0333,
318, 0.980,    19,   0.953,    16,    0.953,    17,    0.947,    15,     0.920,    23,     0.0378,   6, 1.0900, 0.9000, 1.0466,
319, 0.967,    17,   0.980,    17,    0.973,    20,    0.960,    25,     0.973,    23,     0.0394,   6, 1.0900, 0.9000, 1.0600,
320, 0.973,    21,   0.980,    21,    0.967,    17,    0.960,    20,     0.973,    15,     0.0397,   7, 1.0100, 0.5000, 1.0200,
321, 0.987,    16,   0.960,    15,    0.987,    15,    0.987,    19,     0.960,    20,     0.0389,   7, 1.0100, 0.5000, 1.0333,
322, 0.967,    17,   0.967,    17,    0.973,    20,    0.967,    15,     0.973,    17,     0.0387,   7, 1.0100, 0.5000, 1.0466,
323, 0.980,    21,   0.973,    18,    0.960,    17,    0.980,    20,     0.980,    20,     0.0395,   7, 1.0100, 0.5000, 1.0600,
324, 0.987,    14,   0.987,    16,    0.973,    16,    0.967,    19,     0.953,    16,     0.0392,   7, 1.0100, 0.6300, 1.0200,
325, 0.987,    17,   0.980,    15,    0.960,    16,    0.980,    20,     0.980,    16,     0.0400,   7, 1.0100, 0.6300, 1.0333,
326, 0.980,    17,   0.973,    18,    0.947,    17,    0.973,    18,     0.960,    21,     0.0399,   7, 1.0100, 0.6300, 1.0466,
327, 0.953,    19,   0.973,    27,    0.980,    15,    0.973,    15,     0.987,    27,     0.0389,   7, 1.0100, 0.6300, 1.0600,
328, 0.973,    20,   0.980,    14,    0.987,    15,    0.980,    20,     0.947,    16,     0.0384,   7, 1.0100, 0.7600, 1.0200,
329, 0.980,    17,   0.987,    19,    0.980,    16,    0.967,    16,     0.987,    19,     0.0397,   7, 1.0100, 0.7600, 1.0333,
330, 0.967,    15,   0.987,    15,    0.987,    18,    0.980,    15,     0.980,    16,     0.0388,   7, 1.0100, 0.7600, 1.0466,
331, 0.960,    18,   0.960,    17,    0.973,    16,    0.980,    17,     0.980,    20,     0.0388,   7, 1.0100, 0.7600, 1.0600,
332, 0.967,    18,   0.973,    16,    0.980,    24,    0.973,    19,     0.980,    18,     0.0395,   7, 1.0100, 0.9000, 1.0200,
333, 0.980,    17,   0.987,    15,    0.967,    16,    0.980,    26,     0.973,    23,     0.0396,   7, 1.0100, 0.9000, 1.0333,
334, 0.987,    20,   0.967,    20,    0.980,    21,    0.987,    19,     0.933,    22,     0.0388,   7, 1.0100, 0.9000, 1.0466,
335, 0.980,    21,   0.980,    19,    0.980,    20,    0.980,    18,     0.960,    19,     0.0391,   7, 1.0100, 0.9000, 1.0600,
336, 0.967,    20,   0.960,    20,    0.973,    17,    0.987,    15,     0.973,    17,     0.0392,   7, 1.0366, 0.5000, 1.0200,
337, 0.973,    16,   0.987,    17,    0.980,    18,    0.980,    17,     0.953,    18,     0.0391,   7, 1.0366, 0.5000, 1.0333,
338, 0.967,    17,   0.960,    18,    0.973,    24,    0.980,    18,     0.953,    16,     0.0388,   7, 1.0366, 0.5000, 1.0466,
339, 0.973,    18,   0.987,    21,    0.973,    15,    0.967,    29,     0.947,    20,     0.0399,   7, 1.0366, 0.5000, 1.0600,
340, 0.967,    19,   0.967,    17,    0.980,    17,    0.980,    17,     0.960,    14,     0.0389,   7, 1.0366, 0.6300, 1.0200,
341, 0.980,    20,   0.967,    17,    0.980,    14,    0.980,    18,     0.980,    19,     0.0399,   7, 1.0366, 0.6300, 1.0333,
342, 0.973,    35,   0.993,    17,    0.960,    19,    0.973,    19,     0.987,    18,     0.0400,   7, 1.0366, 0.6300, 1.0466,
343, 0.973,    15,   0.980,    16,    0.967,    21,    0.980,    21,     0.980,    19,     0.0384,   7, 1.0366, 0.6300, 1.0600,
344, 0.973,    21,   0.960,    15,    0.980,    14,    0.940,    18,     0.980,    20,     0.0397,   7, 1.0366, 0.7600, 1.0200,
345, 0.980,    15,   0.947,    18,    0.960,    20,    0.967,    17,     0.960,    17,     0.0385,   7, 1.0366, 0.7600, 1.0333,
346, 0.953,    19,   0.980,    20,    0.980,    26,    0.973,    18,     0.973,    24,     0.0392,   7, 1.0366, 0.7600, 1.0466,
347, 0.973,    15,   0.980,    20,    0.987,    15,    0.973,    14,     0.953,    20,     0.0393,   7, 1.0366, 0.7600, 1.0600,
348, 0.980,    19,   0.980,    15,    0.980,    18,    0.987,    21,     0.960,    16,     0.0396,   7, 1.0366, 0.9000, 1.0200,
349, 0.960,    17,   0.987,    17,    0.967,    19,    0.973,    23,     0.980,    26,     0.0390,   7, 1.0366, 0.9000, 1.0333,
350, 0.960,    22,   0.987,    18,    0.973,    29,    0.973,    17,     0.987,    18,     0.0389,   7, 1.0366, 0.9000, 1.0466,
351, 0.987,    17,   0.967,    18,    0.967,    16,    0.973,    25,     0.987,    23,     0.0385,   7, 1.0366, 0.9000, 1.0600,
352, 0.980,    15,   0.967,    20,    0.980,    22,    0.973,    22,     0.960,    24,     0.0387,   7, 1.0633, 0.5000, 1.0200,
353, 0.967,    18,   0.987,    15,    0.980,    28,    0.980,    19,     0.953,    19,     0.0393,   7, 1.0633, 0.5000, 1.0333,
354, 0.960,    18,   0.973,    19,    0.973,    16,    0.987,    20,     0.980,    16,     0.0395,   7, 1.0633, 0.5000, 1.0466,
355, 0.967,    16,   0.987,    19,    0.980,    19,    0.953,    19,     0.960,    18,     0.0399,   7, 1.0633, 0.5000, 1.0600,
356, 0.987,    21,   0.960,    18,    0.973,    17,    0.960,    20,     0.987,    19,     0.0397,   7, 1.0633, 0.6300, 1.0200,
357, 0.933,    15,   0.980,    22,    0.973,    14,    0.973,    19,     0.980,    20,     0.0375,   7, 1.0633, 0.6300, 1.0333,
358, 0.980,    20,   0.953,    19,    0.987,    16,    0.993,    18,     0.973,    20,     0.0393,   7, 1.0633, 0.6300, 1.0466,
359, 0.980,    20,   0.980,    19,    0.953,    17,    0.960,    18,     0.987,    21,     0.0393,   7, 1.0633, 0.6300, 1.0600,
360, 0.973,    25,   0.940,    23,    0.980,    16,    0.980,    26,     0.987,    18,     0.0385,   7, 1.0633, 0.7600, 1.0200,
361, 0.980,    17,   0.980,    22,    0.967,    16,    0.987,    18,     0.980,    16,     0.0384,   7, 1.0633, 0.7600, 1.0333,
362, 0.967,    16,   0.967,    16,    0.987,    25,    0.973,    15,     0.980,    19,     0.0399,   7, 1.0633, 0.7600, 1.0466,
363, 0.987,    17,   0.960,    18,    0.987,    17,    0.973,    14,     0.980,    20,     0.0393,   7, 1.0633, 0.7600, 1.0600,
364, 0.980,    17,   0.967,    21,    0.973,    22,    0.980,    18,     0.980,    18,     0.0391,   7, 1.0633, 0.9000, 1.0200,
365, 0.980,    16,   0.980,    17,    0.973,    16,    0.967,    17,     0.960,    21,     0.0383,   7, 1.0633, 0.9000, 1.0333,
366, 0.980,    16,   0.973,    16,    0.987,    17,    0.987,    17,     0.980,    14,     0.0392,   7, 1.0633, 0.9000, 1.0466,
367, 0.953,    16,   0.987,    20,    0.980,    16,    0.960,    19,     0.967,    18,     0.0399,   7, 1.0633, 0.9000, 1.0600,
368, 0.973,    19,   0.987,    16,    0.987,    18,    0.980,    19,     0.980,    21,     0.0387,   7, 1.0900, 0.5000, 1.0200,
369, 0.987,    17,   0.980,    17,    0.980,    19,    0.927,    27,     0.967,    20,     0.0399,   7, 1.0900, 0.5000, 1.0333,
370, 0.980,    26,   0.980,    15,    0.973,    16,    0.973,    17,     0.973,    16,     0.0397,   7, 1.0900, 0.5000, 1.0466,
371, 0.967,    16,   0.973,    16,    0.987,    16,    0.980,    19,     0.980,    17,     0.0378,   7, 1.0900, 0.5000, 1.0600,
372, 0.980,    20,   0.987,    19,    0.973,    18,    0.993,    19,     0.973,    18,     0.0394,   7, 1.0900, 0.6300, 1.0200,
373, 0.960,    18,   0.987,    16,    0.980,    17,    0.953,    16,     0.980,    19,     0.0396,   7, 1.0900, 0.6300, 1.0333,
374, 0.973,    18,   0.980,    15,    0.967,    19,    0.953,    17,     0.967,    17,     0.0393,   7, 1.0900, 0.6300, 1.0466,
375, 0.987,    15,   0.980,    18,    0.980,    15,    0.973,    17,     0.973,    17,     0.0395,   7, 1.0900, 0.6300, 1.0600,
376, 0.967,    22,   0.967,    16,    0.980,    17,    0.967,    27,     0.960,    21,     0.0387,   7, 1.0900, 0.7600, 1.0200,
377, 0.960,    17,   0.987,    19,    0.973,    17,    0.967,    17,     0.980,    19,     0.0386,   7, 1.0900, 0.7600, 1.0333,
378, 0.960,    15,   0.993,    17,    0.987,    18,    0.967,    23,     0.973,    16,     0.0398,   7, 1.0900, 0.7600, 1.0466,
379, 0.973,    17,   0.960,    18,    0.987,    18,    0.980,    19,     0.973,    20,     0.0374,   7, 1.0900, 0.7600, 1.0600,
380, 0.980,    18,   0.980,    19,    0.980,    16,    0.987,    15,     0.980,    22,     0.0390,   7, 1.0900, 0.9000, 1.0200,
381, 0.980,    17,   0.980,    16,    0.967,    22,    0.947,    21,     0.980,    22,     0.0388,   7, 1.0900, 0.9000, 1.0333,
382, 0.980,    15,   0.973,    17,    0.987,    17,    0.967,    15,     0.973,    16,     0.0396,   7, 1.0900, 0.9000, 1.0466,
383, 0.987,    19,   0.987,    17,    0.987,    16,    0.973,    19,     0.980,    18,     0.0397,   7, 1.0900, 0.9000, 1.0600,
384, 0.967,    22,   0.973,    22,    0.980,    18,    0.987,    22,     0.960,    20,     0.0368,   8, 1.0100, 0.5000, 1.0200,
385, 0.987,    18,   0.967,    17,    0.987,    14,    0.987,    18,     0.980,    22,     0.0398,   8, 1.0100, 0.5000, 1.0333,
386, 0.980,    17,   0.987,    19,    0.980,    16,    0.973,    19,     0.980,    15,     0.0395,   8, 1.0100, 0.5000, 1.0466,
387, 0.973,    19,   0.953,    19,    0.947,    24,    0.973,    19,     0.980,    15,     0.0398,   8, 1.0100, 0.5000, 1.0600,
388, 0.987,    20,   0.967,    19,    0.973,    18,    0.987,    17,     0.960,    22,     0.0395,   8, 1.0100, 0.6300, 1.0200,
389, 0.967,    20,   0.987,    15,    0.973,    17,    0.973,    16,     0.980,    17,     0.0394,   8, 1.0100, 0.6300, 1.0333,
390, 0.953,    27,   0.967,    17,    0.980,    16,    0.980,    19,     0.987,    17,     0.0386,   8, 1.0100, 0.6300, 1.0466,
391, 0.980,    18,   0.980,    20,    0.980,    17,    0.973,    19,     0.973,    21,     0.0393,   8, 1.0100, 0.6300, 1.0600,
392, 0.987,    23,   0.987,    18,    0.987,    19,    0.980,    20,     0.967,    18,     0.0390,   8, 1.0100, 0.7600, 1.0200,
393, 0.960,    21,   0.980,    23,    0.973,    17,    0.987,    18,     0.967,    19,     0.0397,   8, 1.0100, 0.7600, 1.0333,
394, 0.980,    15,   0.980,    17,    0.980,    17,    0.953,    21,     0.973,    17,     0.0389,   8, 1.0100, 0.7600, 1.0466,
395, 0.987,    17,   0.987,    18,    0.993,    19,    0.993,    21,     0.987,    20,     0.0387,   8, 1.0100, 0.7600, 1.0600,
396, 0.967,    21,   0.940,    20,    0.980,    14,    0.980,    18,     0.973,    20,     0.0395,   8, 1.0100, 0.9000, 1.0200,
397, 0.980,    20,   0.973,    17,    0.980,    15,    0.973,    15,     0.987,    19,     0.0383,   8, 1.0100, 0.9000, 1.0333,
398, 0.973,    28,   0.973,    17,    0.960,    17,    0.973,    17,     0.973,    20,     0.0397,   8, 1.0100, 0.9000, 1.0466,
399, 0.973,    16,   0.987,    16,    0.980,    19,    0.967,    15,     0.987,    17,     0.0380,   8, 1.0100, 0.9000, 1.0600,
400, 0.973,    22,   0.980,    19,    0.973,    15,    0.973,    19,     0.980,    20,     0.0384,   8, 1.0366, 0.5000, 1.0200,
401, 0.980,    16,   0.953,    17,    0.980,    15,    0.980,    17,     0.987,    16,     0.0387,   8, 1.0366, 0.5000, 1.0333,
402, 0.960,    17,   0.980,    16,    0.987,    15,    0.993,    22,     0.953,    16,     0.0394,   8, 1.0366, 0.5000, 1.0466,
403, 0.967,    14,   0.987,    14,    0.987,    17,    0.987,    17,     0.987,    17,     0.0392,   8, 1.0366, 0.5000, 1.0600,
404, 0.947,    21,   0.987,    16,    0.973,    15,    0.980,    20,     0.953,    16,     0.0398,   8, 1.0366, 0.6300, 1.0200,
405, 0.980,    15,   0.973,    19,    0.980,    16,    0.980,    18,     0.967,    21,     0.0388,   8, 1.0366, 0.6300, 1.0333,
406, 0.973,    20,   0.967,    26,    0.980,    15,    0.973,    19,     0.980,    17,     0.0398,   8, 1.0366, 0.6300, 1.0466,
407, 0.960,    16,   0.987,    17,    0.973,    16,    0.980,    18,     0.973,    19,     0.0398,   8, 1.0366, 0.6300, 1.0600,
408, 0.967,    20,   0.973,    17,    0.987,    17,    0.973,    17,     0.987,    21,     0.0393,   8, 1.0366, 0.7600, 1.0200,
409, 0.980,    15,   0.973,    18,    0.980,    15,    0.967,    19,     0.980,    17,     0.0382,   8, 1.0366, 0.7600, 1.0333,
410, 0.993,    19,   0.987,    17,    0.973,    16,    0.987,    16,     0.967,    23,     0.0395,   8, 1.0366, 0.7600, 1.0466,
411, 0.960,    16,   0.987,    16,    0.973,    16,    0.987,    18,     0.953,    17,     0.0386,   8, 1.0366, 0.7600, 1.0600,
412, 0.980,    19,   0.987,    22,    0.987,    20,    0.973,    16,     0.973,    17,     0.0394,   8, 1.0366, 0.9000, 1.0200,
413, 0.973,    18,   0.980,    21,    0.987,    18,    0.980,    19,     0.967,    18,     0.0393,   8, 1.0366, 0.9000, 1.0333,
414, 0.987,    16,   0.987,    16,    0.967,    24,    0.973,    16,     0.993,    19,     0.0397,   8, 1.0366, 0.9000, 1.0466,
415, 0.973,    17,   0.987,    17,    0.960,    20,    0.987,    16,     0.967,    17,     0.0398,   8, 1.0366, 0.9000, 1.0600,
416, 0.980,    16,   0.973,    22,    0.967,    17,    0.980,    17,     0.967,    18,     0.0396,   8, 1.0633, 0.5000, 1.0200,
417, 0.987,    16,   0.953,    18,    0.980,    18,    0.980,    16,     0.987,    21,     0.0390,   8, 1.0633, 0.5000, 1.0333,
418, 0.960,    19,   0.987,    19,    0.980,    19,    0.987,    13,     0.987,    17,     0.0384,   8, 1.0633, 0.5000, 1.0466,
419, 0.987,    16,   0.973,    17,    0.967,    16,    0.947,    18,     0.980,    15,     0.0388,   8, 1.0633, 0.5000, 1.0600,
420, 0.987,    15,   0.973,    18,    0.973,    17,    0.980,    22,     0.967,    19,     0.0393,   8, 1.0633, 0.6300, 1.0200,
421, 0.987,    21,   0.960,    17,    0.973,    14,    0.980,    16,     0.980,    19,     0.0384,   8, 1.0633, 0.6300, 1.0333,
422, 0.960,    19,   0.987,    16,    0.987,    22,    0.987,    15,     0.980,    15,     0.0385,   8, 1.0633, 0.6300, 1.0466,
423, 0.967,    22,   0.980,    21,    0.960,    17,    0.960,    25,     0.967,    19,     0.0393,   8, 1.0633, 0.6300, 1.0600,
424, 0.980,    19,   0.973,    26,    0.980,    15,    0.980,    18,     0.980,    16,     0.0392,   8, 1.0633, 0.7600, 1.0200,
425, 0.980,    16,   0.993,    25,    0.967,    18,    0.967,    17,     0.967,    17,     0.0390,   8, 1.0633, 0.7600, 1.0333,
426, 0.987,    16,   0.993,    19,    0.973,    19,    0.980,    21,     0.967,    19,     0.0395,   8, 1.0633, 0.7600, 1.0466,
427, 0.987,    17,   0.973,    16,    0.987,    17,    0.987,    18,     0.967,    17,     0.0392,   8, 1.0633, 0.7600, 1.0600,
428, 0.973,    14,   0.987,    24,    0.947,    17,    0.980,    22,     0.953,    14,     0.0398,   8, 1.0633, 0.9000, 1.0200,
429, 0.973,    17,   0.987,    16,    0.980,    17,    0.973,    19,     0.973,    25,     0.0388,   8, 1.0633, 0.9000, 1.0333,
430, 0.980,    19,   0.980,    23,    0.980,    18,    0.980,    17,     0.967,    19,     0.0398,   8, 1.0633, 0.9000, 1.0466,
431, 0.953,    21,   0.980,    18,    0.987,    20,    0.993,    15,     0.973,    17,     0.0392,   8, 1.0633, 0.9000, 1.0600,
432, 0.967,    15,   0.973,    14,    0.987,    19,    0.987,    16,     0.973,    18,     0.0395,   8, 1.0900, 0.5000, 1.0200,
433, 0.973,    17,   0.987,    21,    0.980,    20,    0.980,    14,     0.960,    17,     0.0387,   8, 1.0900, 0.5000, 1.0333,
434, 0.980,    19,   0.980,    19,    0.987,    20,    0.973,    16,     0.973,    17,     0.0385,   8, 1.0900, 0.5000, 1.0466,
435, 0.953,    22,   0.987,    17,    0.987,    17,    0.960,    16,     0.973,    18,     0.0390,   8, 1.0900, 0.5000, 1.0600,
436, 0.987,    16,   0.987,    14,    0.980,    17,    0.973,    17,     0.980,    19,     0.0376,   8, 1.0900, 0.6300, 1.0200,
437, 0.973,    17,   0.980,    20,    0.973,    22,    0.980,    17,     0.980,    17,     0.0386,   8, 1.0900, 0.6300, 1.0333,
438, 0.987,    16,   0.987,    16,    0.980,    15,    0.967,    17,     0.920,    22,     0.0399,   8, 1.0900, 0.6300, 1.0466,
439, 0.980,    19,   0.980,    17,    0.967,    19,    0.947,    17,     0.960,    17,     0.0384,   8, 1.0900, 0.6300, 1.0600,
440, 0.987,    19,   0.980,    16,    0.987,    24,    0.980,    18,     0.980,    17,     0.0376,   8, 1.0900, 0.7600, 1.0200,
441, 0.987,    16,   0.987,    19,    0.967,    15,    0.987,    16,     0.967,    18,     0.0398,   8, 1.0900, 0.7600, 1.0333,
442, 0.987,    14,   0.960,    16,    0.967,    16,    0.967,    17,     0.967,    17,     0.0397,   8, 1.0900, 0.7600, 1.0466,
443, 0.967,    16,   0.980,    19,    0.987,    15,    0.987,    15,     0.973,    16,     0.0389,   8, 1.0900, 0.7600, 1.0600,
444, 0.980,    17,   0.980,    14,    0.987,    19,    0.993,    19,     0.993,    20,     0.0390,   8, 1.0900, 0.9000, 1.0200,
445, 0.973,    15,   0.980,    18,    0.987,    16,    0.960,    14,     0.973,    18,     0.0386,   8, 1.0900, 0.9000, 1.0333,
446, 0.980,    15,   0.953,    17,    0.980,    18,    0.947,    18,     0.973,    17,     0.0395,   8, 1.0900, 0.9000, 1.0466,
447, 0.973,    18,   0.980,    16,    0.987,    17,    0.973,    14,     0.987,    19,     0.0388,   8, 1.0900, 0.9000, 1.0600,
448, 0.987,    16,   0.973,    22,    0.967,    21,    0.973,    17,     0.973,    16,     0.0374,   9, 1.0100, 0.5000, 1.0200,
449, 0.973,    17,   0.987,    15,    0.973,    16,    0.987,    21,     0.973,    17,     0.0388,   9, 1.0100, 0.5000, 1.0333,
450, 0.967,    20,   0.980,    16,    0.987,    18,    0.967,    19,     0.953,    20,     0.0398,   9, 1.0100, 0.5000, 1.0466,
451, 0.980,    18,   0.987,    19,    0.980,    15,    0.973,    14,     0.967,    19,     0.0393,   9, 1.0100, 0.5000, 1.0600,
452, 0.973,    17,   0.987,    23,    0.973,    19,    0.987,    17,     0.987,    16,     0.0399,   9, 1.0100, 0.6300, 1.0200,
453, 0.973,    18,   0.980,    16,    0.947,    19,    0.973,    18,     0.947,    22,     0.0384,   9, 1.0100, 0.6300, 1.0333,
454, 0.980,    16,   0.953,    19,    0.967,    19,    0.933,    19,     0.973,    19,     0.0389,   9, 1.0100, 0.6300, 1.0466,
455, 0.967,    17,   0.987,    17,    0.973,    19,    0.980,    17,     0.987,    16,     0.0393,   9, 1.0100, 0.6300, 1.0600,
456, 0.980,    16,   0.953,    16,    0.980,    19,    0.967,    19,     0.980,    19,     0.0381,   9, 1.0100, 0.7600, 1.0200,
457, 0.973,    20,   0.980,    18,    0.987,    18,    0.980,    15,     0.980,    17,     0.0400,   9, 1.0100, 0.7600, 1.0333,
458, 0.987,    15,   0.980,    19,    0.973,    19,    0.973,    16,     0.987,    18,     0.0385,   9, 1.0100, 0.7600, 1.0466,
459, 0.967,    22,   0.980,    18,    0.967,    16,    0.960,    16,     0.940,    15,     0.0391,   9, 1.0100, 0.7600, 1.0600,
460, 0.980,    25,   0.967,    18,    0.980,    16,    0.953,    17,     0.960,    22,     0.0381,   9, 1.0100, 0.9000, 1.0200,
461, 0.987,    19,   0.987,    17,    0.973,    17,    0.960,    18,     0.973,    19,     0.0382,   9, 1.0100, 0.9000, 1.0333,
462, 0.980,    15,   0.973,    20,    0.960,    15,    0.980,    18,     0.973,    20,     0.0385,   9, 1.0100, 0.9000, 1.0466,
463, 0.980,    17,   0.967,    18,    0.980,    19,    0.967,    16,     0.987,    19,     0.0397,   9, 1.0100, 0.9000, 1.0600,
464, 0.967,    18,   0.960,    16,    0.980,    16,    0.987,    14,     0.973,    16,     0.0385,   9, 1.0366, 0.5000, 1.0200,
465, 0.987,    17,   0.993,    17,    0.973,    19,    0.987,    29,     0.980,    18,     0.0389,   9, 1.0366, 0.5000, 1.0333,
466, 0.967,    16,   0.980,    17,    0.980,    15,    0.967,    15,     0.987,    19,     0.0385,   9, 1.0366, 0.5000, 1.0466,
467, 0.973,    15,   0.973,    18,    0.980,    16,    0.973,    18,     0.967,    20,     0.0387,   9, 1.0366, 0.5000, 1.0600,
468, 0.967,    17,   0.973,    21,    0.980,    18,    0.987,    20,     0.980,    25,     0.0392,   9, 1.0366, 0.6300, 1.0200,
469, 0.973,    16,   0.980,    16,    0.980,    17,    0.987,    17,     0.980,    18,     0.0386,   9, 1.0366, 0.6300, 1.0333,
470, 0.980,    17,   0.987,    16,    0.980,    17,    0.980,    31,     0.980,    17,     0.0385,   9, 1.0366, 0.6300, 1.0466,
471, 0.967,    17,   0.953,    18,    0.980,    20,    0.973,    17,     0.987,    20,     0.0385,   9, 1.0366, 0.6300, 1.0600,
472, 0.973,    17,   0.980,    17,    0.987,    17,    0.973,    18,     0.973,    18,     0.0399,   9, 1.0366, 0.7600, 1.0200,
473, 0.980,    16,   0.973,    18,    0.987,    19,    0.973,    18,     0.987,    15,     0.0397,   9, 1.0366, 0.7600, 1.0333,
474, 0.960,    19,   0.987,    21,    0.987,    19,    0.960,    16,     0.973,    14,     0.0383,   9, 1.0366, 0.7600, 1.0466,
475, 0.980,    16,   0.980,    19,    0.987,    18,    0.987,    17,     0.967,    16,     0.0393,   9, 1.0366, 0.7600, 1.0600,
476, 0.960,    20,   0.980,    23,    0.987,    17,    0.987,    17,     0.987,    18,     0.0388,   9, 1.0366, 0.9000, 1.0200,
477, 0.987,    17,   0.973,    18,    0.973,    22,    0.973,    18,     0.987,    17,     0.0374,   9, 1.0366, 0.9000, 1.0333,
478, 0.987,    18,   0.987,    17,    0.980,    17,    0.980,    19,     0.973,    17,     0.0398,   9, 1.0366, 0.9000, 1.0466,
479, 0.987,    15,   0.987,    18,    0.973,    16,    0.980,    18,     0.987,    20,     0.0388,   9, 1.0366, 0.9000, 1.0600,
480, 0.980,    17,   0.987,    17,    0.980,    18,    0.973,    16,     0.987,    18,     0.0381,   9, 1.0633, 0.5000, 1.0200,
481, 0.980,    17,   0.973,    17,    0.980,    16,    0.980,    28,     0.980,    14,     0.0399,   9, 1.0633, 0.5000, 1.0333,
482, 0.987,    15,   0.980,    18,    0.980,    16,    0.980,    17,     0.980,    25,     0.0393,   9, 1.0633, 0.5000, 1.0466,
483, 0.960,    15,   0.987,    18,    0.973,    15,    0.980,    18,     0.980,    16,     0.0399,   9, 1.0633, 0.5000, 1.0600,
484, 0.980,    17,   0.980,    20,    0.987,    18,    0.960,    17,     0.980,    17,     0.0383,   9, 1.0633, 0.6300, 1.0200,
485, 0.980,    23,   0.960,    17,    0.967,    16,    0.973,    15,     0.987,    18,     0.0395,   9, 1.0633, 0.6300, 1.0333,
486, 0.967,    18,   0.987,    18,    0.967,    16,    0.967,    17,     0.987,    21,     0.0389,   9, 1.0633, 0.6300, 1.0466,
487, 0.987,    29,   0.987,    15,    0.967,    16,    0.960,    20,     0.973,    18,     0.0395,   9, 1.0633, 0.6300, 1.0600,
488, 0.987,    19,   0.960,    17,    0.967,    19,    0.973,    15,     0.987,    20,     0.0395,   9, 1.0633, 0.7600, 1.0200,
489, 0.987,    16,   0.980,    19,    0.980,    18,    0.980,    16,     0.987,    22,     0.0396,   9, 1.0633, 0.7600, 1.0333,
490, 0.987,    17,   0.973,    16,    0.973,    15,    0.987,    17,     0.973,    18,     0.0378,   9, 1.0633, 0.7600, 1.0466,
491, 0.980,    21,   0.960,    17,    0.987,    18,    0.973,    16,     0.980,    16,     0.0393,   9, 1.0633, 0.7600, 1.0600,
492, 0.973,    19,   0.987,    25,    0.973,    16,    0.987,    17,     0.987,    21,     0.0388,   9, 1.0633, 0.9000, 1.0200,
493, 0.980,    15,   0.973,    20,    0.967,    18,    0.987,    20,     0.953,    19,     0.0381,   9, 1.0633, 0.9000, 1.0333,
494, 0.980,    17,   0.987,    21,    0.987,    17,    0.980,    17,     0.980,    19,     0.0378,   9, 1.0633, 0.9000, 1.0466,
495, 0.973,    18,   0.973,    15,    0.973,    15,    0.973,    18,     0.980,    18,     0.0384,   9, 1.0633, 0.9000, 1.0600,
496, 0.980,    17,   0.973,    17,    0.980,    24,    0.973,    17,     0.967,    20,     0.0369,   9, 1.0900, 0.5000, 1.0200,
497, 0.973,    15,   0.987,    20,    0.987,    17,    0.967,    18,     0.973,    17,     0.0400,   9, 1.0900, 0.5000, 1.0333,
498, 0.980,    15,   0.973,    15,    0.960,    16,    0.980,    16,     0.987,    15,     0.0397,   9, 1.0900, 0.5000, 1.0466,
499, 0.987,    16,   0.973,    17,    0.980,    24,    0.967,    22,     0.973,    17,     0.0397,   9, 1.0900, 0.5000, 1.0600,
500, 0.987,    18,   0.980,    16,    0.987,    17,    0.973,    18,     0.973,    16,     0.0383,   9, 1.0900, 0.6300, 1.0200,
501, 0.973,    18,   0.960,    18,    0.987,    16,    0.980,    14,     0.987,    17,     0.0383,   9, 1.0900, 0.6300, 1.0333,
502, 0.973,    17,   0.980,    16,    0.960,    14,    0.987,    18,     0.967,    20,     0.0390,   9, 1.0900, 0.6300, 1.0466,
503, 0.973,    18,   0.960,    16,    0.980,    24,    0.987,    16,     0.987,    21,     0.0397,   9, 1.0900, 0.6300, 1.0600,
504, 0.987,    18,   0.987,    16,    0.987,    23,    0.953,    17,     0.973,    16,     0.0394,   9, 1.0900, 0.7600, 1.0200,
505, 0.987,    15,   0.973,    19,    0.967,    18,    0.960,    14,     0.973,    17,     0.0379,   9, 1.0900, 0.7600, 1.0333,
506, 0.973,    19,   0.980,    16,    0.980,    19,    0.987,    17,     0.980,    19,     0.0393,   9, 1.0900, 0.7600, 1.0466,
507, 0.973,    17,   0.980,    19,    0.987,    20,    0.987,    20,     0.987,    16,     0.0396,   9, 1.0900, 0.7600, 1.0600,
508, 0.973,    17,   0.980,    27,    0.980,    21,    0.987,    17,     0.980,    16,     0.0391,   9, 1.0900, 0.9000, 1.0200,
509, 0.980,    17,   0.967,    22,    0.967,    17,    0.973,    23,     0.980,    18,     0.0395,   9, 1.0900, 0.9000, 1.0333,
510, 0.987,    14,   0.980,    15,    0.987,    16,    0.973,    18,     0.987,    19,     0.0396,   9, 1.0900, 0.9000, 1.0466,
511, 0.987,    15,   0.987,    16,    0.987,    17,    0.973,    19,     0.973,    17,     0.0391,   9, 1.0900, 0.9000, 1.0600,
512, 0.973,    16,   0.987,    19,    0.973,    20,    0.967,    17,     0.993,    18,     0.0394,  15, 1.0100, 0.5000, 1.0200,
513, 0.987,    14,   0.967,    14,    0.980,    17,    0.973,    16,     0.987,    15,     0.0392,  15, 1.0100, 0.5000, 1.0333,
514, 0.987,    18,   0.973,    18,    0.980,    18,    0.980,    19,     0.987,    18,     0.0377,  15, 1.0100, 0.5000, 1.0466,
515, 0.987,    18,   0.973,    16,    0.987,    18,    0.987,    19,     0.993,    15,     0.0390,  15, 1.0100, 0.5000, 1.0600,
516, 0.987,    22,   0.973,    18,    0.967,    20,    0.953,    15,     0.980,    20,     0.0396,  15, 1.0100, 0.6300, 1.0200,
517, 0.987,    24,   0.980,    15,    0.987,    18,    0.980,    15,     0.987,    17,     0.0391,  15, 1.0100, 0.6300, 1.0333,
518, 0.967,    16,   0.987,    19,    0.967,    17,    0.973,    18,     0.987,    15,     0.0391,  15, 1.0100, 0.6300, 1.0466,
519, 0.980,    15,   0.987,    16,    0.987,    14,    0.987,    18,     0.987,    17,     0.0399,  15, 1.0100, 0.6300, 1.0600,
520, 0.980,    21,   0.987,    19,    0.967,    15,    0.993,    17,     0.987,    17,     0.0396,  15, 1.0100, 0.7600, 1.0200,
521, 0.987,    17,   0.973,    20,    0.987,    18,    0.987,    18,     0.980,    16,     0.0391,  15, 1.0100, 0.7600, 1.0333,
522, 0.980,    20,   0.987,    22,    0.987,    22,    0.980,    15,     0.973,    16,     0.0389,  15, 1.0100, 0.7600, 1.0466,
523, 0.973,    16,   0.973,    15,    0.993,    15,    0.987,    15,     0.987,    19,     0.0399,  15, 1.0100, 0.7600, 1.0600,
524, 0.987,    21,   0.987,    17,    0.987,    18,    0.980,    17,     0.980,    14,     0.0386,  15, 1.0100, 0.9000, 1.0200,
525, 0.987,    20,   0.980,    22,    0.980,    16,    0.987,    17,     0.987,    21,     0.0398,  15, 1.0100, 0.9000, 1.0333,
526, 0.980,    19,   0.987,    20,    0.980,    17,    0.987,    19,     0.987,    16,     0.0400,  15, 1.0100, 0.9000, 1.0466,
527, 0.993,    15,   0.987,    20,    0.987,    19,    0.980,    19,     0.980,    19,     0.0399,  15, 1.0100, 0.9000, 1.0600,
528, 0.980,    18,   0.980,    19,    0.987,    16,    0.980,    17,     0.987,    23,     0.0397,  15, 1.0366, 0.5000, 1.0200,
529, 0.980,    19,   0.973,    18,    0.967,    18,    0.987,    21,     0.980,    15,     0.0383,  15, 1.0366, 0.5000, 1.0333,
530, 0.973,    17,   0.980,    17,    0.987,    19,    0.987,    18,     0.987,    18,     0.0385,  15, 1.0366, 0.5000, 1.0466,
531, 0.973,    17,   0.980,    17,    0.973,    17,    0.987,    22,     0.980,    16,     0.0386,  15, 1.0366, 0.5000, 1.0600,
532, 0.987,    20,   0.987,    17,    0.980,    19,    0.987,    19,     0.980,    17,     0.0386,  15, 1.0366, 0.6300, 1.0200,
533, 0.973,    18,   0.973,    17,    0.987,    15,    0.987,    19,     0.987,    16,     0.0389,  15, 1.0366, 0.6300, 1.0333,
534, 0.980,    23,   0.960,    16,    0.973,    18,    0.987,    16,     0.967,    16,     0.0391,  15, 1.0366, 0.6300, 1.0466,
535, 0.987,    17,   0.993,    20,    0.987,    20,    0.987,    19,     0.987,    16,     0.0396,  15, 1.0366, 0.6300, 1.0600,
536, 0.980,    20,   0.973,    17,    0.980,    20,    0.980,    14,     0.980,    18,     0.0389,  15, 1.0366, 0.7600, 1.0200,
537, 0.980,    16,   0.980,    16,    0.980,    22,    0.987,    15,     0.993,    18,     0.0392,  15, 1.0366, 0.7600, 1.0333,
538, 0.967,    16,   0.987,    16,    0.987,    17,    0.980,    17,     0.960,    22,     0.0380,  15, 1.0366, 0.7600, 1.0466,
539, 0.980,    17,   0.993,    18,    0.987,    18,    0.993,    20,     0.973,    21,     0.0393,  15, 1.0366, 0.7600, 1.0600,
540, 0.987,    15,   0.973,    20,    0.980,    19,    0.987,    17,     0.980,    17,     0.0379,  15, 1.0366, 0.9000, 1.0200,
541, 0.973,    15,   0.973,    15,    0.980,    18,    0.967,    17,     0.980,    19,     0.0396,  15, 1.0366, 0.9000, 1.0333,
542, 0.987,    19,   0.973,    18,    0.987,    16,    0.987,    21,     0.987,    18,     0.0388,  15, 1.0366, 0.9000, 1.0466,
543, 0.987,    16,   0.980,    19,    0.980,    17,    0.987,    16,     0.987,    21,     0.0392,  15, 1.0366, 0.9000, 1.0600,
544, 0.987,    21,   0.980,    18,    0.987,    20,    0.987,    16,     0.980,    16,     0.0386,  15, 1.0633, 0.5000, 1.0200,
545, 0.980,    17,   0.987,    17,    0.980,    16,    0.987,    18,     0.987,    16,     0.0392,  15, 1.0633, 0.5000, 1.0333,
546, 0.980,    20,   0.993,    16,    0.993,    21,    0.980,    16,     0.980,    15,     0.0394,  15, 1.0633, 0.5000, 1.0466,
547, 0.987,    19,   0.960,    22,    0.987,    18,    0.953,    16,     0.987,    17,     0.0389,  15, 1.0633, 0.5000, 1.0600,
548, 0.987,    17,   0.987,    17,    0.980,    17,    0.980,    14,     0.980,    15,     0.0386,  15, 1.0633, 0.6300, 1.0200,
549, 0.987,    15,   0.987,    18,    0.980,    14,    0.973,    14,     0.980,    20,     0.0376,  15, 1.0633, 0.6300, 1.0333,
550, 0.980,    19,   0.987,    16,    0.987,    15,    0.987,    19,     0.987,    18,     0.0384,  15, 1.0633, 0.6300, 1.0466,
551, 0.987,    16,   0.980,    20,    0.960,    19,    0.987,    14,     0.987,    17,     0.0371,  15, 1.0633, 0.6300, 1.0600,
552, 0.987,    16,   0.987,    18,    0.987,    17,    0.987,    17,     0.987,    15,     0.0386,  15, 1.0633, 0.7600, 1.0200,
553, 0.980,    15,   0.980,    17,    0.987,    18,    0.993,    18,     0.980,    19,     0.0383,  15, 1.0633, 0.7600, 1.0333,
554, 0.987,    18,   0.993,    18,    0.987,    17,    0.980,    16,     0.987,    15,     0.0391,  15, 1.0633, 0.7600, 1.0466,
555, 0.973,    15,   0.987,    16,    0.980,    20,    0.993,    16,     0.987,    16,     0.0393,  15, 1.0633, 0.7600, 1.0600,
556, 0.987,    17,   0.980,    22,    0.987,    16,    0.973,    16,     0.987,    20,     0.0375,  15, 1.0633, 0.9000, 1.0200,
557, 0.987,    14,   0.987,    20,    0.980,    17,    0.980,    19,     0.987,    17,     0.0385,  15, 1.0633, 0.9000, 1.0333,
558, 0.967,    17,   0.987,    17,    0.980,    19,    0.987,    16,     0.987,    16,     0.0388,  15, 1.0633, 0.9000, 1.0466,
559, 0.980,    17,   0.980,    19,    0.973,    20,    0.980,    17,     0.987,    17,     0.0397,  15, 1.0633, 0.9000, 1.0600,
560, 0.973,    20,   0.987,    16,    0.987,    18,    0.987,    18,     0.973,    18,     0.0381,  15, 1.0900, 0.5000, 1.0200,
561, 0.980,    16,   0.987,    17,    0.980,    18,    0.987,    16,     0.980,    17,     0.0377,  15, 1.0900, 0.5000, 1.0333,
562, 0.980,    17,   0.987,    14,    0.980,    18,    0.980,    16,     0.967,    20,     0.0390,  15, 1.0900, 0.5000, 1.0466,
563, 0.973,    15,   0.987,    18,    0.980,    16,    0.980,    18,     0.987,    14,     0.0379,  15, 1.0900, 0.5000, 1.0600,
564, 0.987,    19,   0.987,    15,    0.980,    17,    0.987,    20,     0.980,    19,     0.0374,  15, 1.0900, 0.6300, 1.0200,
565, 0.993,    22,   0.980,    18,    0.973,    18,    0.973,    15,     0.967,    17,     0.0385,  15, 1.0900, 0.6300, 1.0333,
566, 0.987,    17,   0.993,    14,    0.987,    18,    0.987,    19,     0.987,    16,     0.0382,  15, 1.0900, 0.6300, 1.0466,
567, 0.973,    17,   0.987,    18,    0.980,    20,    0.987,    18,     0.980,    15,     0.0390,  15, 1.0900, 0.6300, 1.0600,
568, 0.960,    15,   0.987,    23,    0.980,    16,    0.987,    18,     0.987,    16,     0.0399,  15, 1.0900, 0.7600, 1.0200,
569, 0.980,    17,   0.973,    17,    0.980,    16,    0.980,    16,     0.967,    16,     0.0393,  15, 1.0900, 0.7600, 1.0333,
570, 0.973,    18,   0.987,    20,    0.973,    17,    0.987,    22,     0.967,    21,     0.0386,  15, 1.0900, 0.7600, 1.0466,
571, 0.980,    20,   0.987,    17,    0.987,    20,    0.987,    15,     0.973,    18,     0.0388,  15, 1.0900, 0.7600, 1.0600,
572, 0.980,    18,   0.980,    19,    0.987,    16,    0.973,    20,     0.980,    15,     0.0381,  15, 1.0900, 0.9000, 1.0200,
573, 0.987,    19,   0.980,    19,    0.980,    17,    0.987,    18,     0.987,    16,     0.0383,  15, 1.0900, 0.9000, 1.0333,
574, 0.980,    18,   0.987,    18,    0.987,    15,    0.987,    19,     0.993,    16,     0.0398,  15, 1.0900, 0.9000, 1.0466,
575, 0.980,    16,   0.980,    18,    0.973,    16,    0.987,    18,     0.980,    20,     0.0389,  15, 1.0900, 0.9000, 1.0600,